1.001 1.217
1.029 1.217
1.042 1.1624
1.116 1.16591
1.181 1.183
1.209 1.202
1.239 1.238
1.28 1.331
1.28 1.347
1.419 1.348
1.419 1.31
1.37883 1.31
1.37208 1.26729
1.37247 1.23377
1.3896986246109009 1.1687946319580078
1.3984262943267822 1.16434645652771
1.4094821214675903 1.163044810295105
1.4289237260818481 1.172934889793396
1.4433388710021973 1.1805028915405273
1.457869052886963 1.1912132501602173
1.471751093864441 1.2039384841918945
1.4824737310409546 1.2137675285339355
1.4909563064575195 1.2212954759597778
1.5021859407424927 1.229209303855896
1.501961437138644 1.2282149574973367
1.5017369335347956 1.2272206111387773
1.501512429930947 1.226226264780218
1.5012879263270984 1.2252319184216587
1.50106342272325 1.2242375720630994
1.5008389191194014 1.2232432257045398
1.500614415515553 1.2222488793459805
1.5003899119117043 1.2212545329874211
1.5001654083078557 1.2202601866288618
1.4999409047040073 1.2192658402703025
1.4997164011001587 1.2182714939117432
1.49951274394989 1.2173032402992248
1.4993090867996215 1.2163349866867066
1.4991054296493531 1.2153667330741882
1.4989017724990845 1.21439847946167
1.498698115348816 1.2134302258491516
1.4984944581985473 1.2124619722366332
1.4982908010482787 1.211493718624115
1.4980871438980103 1.2105254650115966
1.4978834867477417 1.2095572113990785
1.4976798295974731 1.20858895778656
1.4976691007614136 1.2075696468353272
1.497658371925354 1.2065503358840943
1.4976476430892944 1.2055310249328612
1.4976369142532349 1.2045117139816284
1.4976261854171753 1.2034924030303955
1.4976580619812012 1.2026833534240722
1.4976899385452271 1.201874303817749
1.4977218151092528 1.2010652542114257
1.4977536916732788 1.2002562046051026
1.4977855682373047 1.1994471549987793
1.4978764653205872 1.1986866295337677
1.4979673624038696 1.197926104068756
1.498058259487152 1.1971655786037445
1.4981491565704346 1.196405053138733
1.4982513785362244 1.1955496966838837
1.4983536005020142 1.1946943402290344
1.498455822467804 1.1938389837741852
1.4985580444335938 1.192983627319336
1.4986753463745117 1.1920022070407867
1.4987926483154297 1.1910207867622375
1.4989099502563477 1.1900393664836884
1.4990272521972656 1.1890579462051392
1.499134635925293 1.188159418106079
1.4992420196533203 1.187260890007019
1.4993494033813477 1.186362361907959
1.499456787109375 1.185463833808899
1.4995641708374023 1.1845653057098389
1.4996873140335083 1.1835349798202515
1.4998104572296143 1.182504653930664
1.4999336004257202 1.1814743280410767
1.5000567436218262 1.1804440021514893
1.5001798868179321 1.1794136762619019
1.5002983411153157 1.1784225304921467
1.5004167954126995 1.1774313847223918
1.500535249710083 1.1764402389526367
1.5006537040074666 1.1754490931828816
1.5007721583048503 1.1744579474131267
1.5008906126022339 1.1734668016433716
1.5010084084102087 1.1724811281476701
1.5011262042181832 1.171495454651969
1.501244000026158 1.1705097811562675
1.5013617958341325 1.169524107660566
1.5014795916421073 1.1685384341648646
1.5015973874500819 1.1675527606691634
1.5017151832580566 1.166567087173462
1.5015259861946106 1.165501219034195
1.5013367891311646 1.164435350894928
1.5011475920677184 1.163369482755661
1.5009583950042724 1.162303614616394
1.5007691979408264 1.161237746477127
1.5005800008773804 1.16017187833786
1.5003908038139344 1.159106010198593
1.5002016067504882 1.1580401420593263
1.5000124096870422 1.1569742739200592
1.4998232126235962 1.1559084057807922
1.4996340155601502 1.1548425376415252
1.4994448184967042 1.1537766695022582
1.499255621433258 1.1527108013629914
1.499066424369812 1.1516449332237244
1.498877227306366 1.1505790650844574
1.49868803024292 1.1495131969451904
1.498498833179474 1.1484473288059234
1.4983096361160277 1.1473814606666566
1.4981204390525817 1.1463155925273896
1.4979312419891357 1.1452497243881226
1.4977640884893912 1.1441342168384128
1.4975969349896465 1.143018709288703
1.497429781489902 1.1419032017389934
1.4972626279901575 1.1407876941892836
1.497095474490413 1.1396721866395738
1.4969283209906683 1.138556679089864
1.4967611674909238 1.1374411715401544
1.4965940139911793 1.1363256639904447
1.4964268604914348 1.1352101564407349
1.49625970699169 1.134094648891025
1.4960925534919456 1.1329791413413153
1.495925399992201 1.1318636337916057
1.4957582464924566 1.130748126241896
1.4955910929927119 1.1296326186921861
1.4954239394929674 1.1285171111424763
1.4952567859932229 1.1274016035927668
1.4950896324934784 1.126286096043057
1.4949224789937336 1.1251705884933472
1.4947553254939892 1.1240550809436374
1.4945881719942447 1.1229395733939276
1.4944210184945002 1.121824065844218
1.4942538649947554 1.1207085582945082
1.494086711495011 1.1195930507447984
1.4939195579952664 1.1184775431950886
1.493752404495522 1.117362035645379
1.4935852509957772 1.1162465280956693
1.4934180974960327 1.1151310205459595
1.4934180974960327 1.1151310205459595
1.49849534034729 1.112548589706421
1.5044076442718506 1.1112918853759766
1.5107260942459106 1.1099488735198975
1.517446517944336 1.1085203886032104
1.5245659351348877 1.1070071458816528
1.532106637954712 1.1054043769836426
1.5400604009628296 1.1037137508392334
1.60392 1.09014
1.647 1.077
1.662 1.077
1.785 1.077
2.07 1.04
2.128 0.993
2.377 0.389
2.352 0.4
2.353 -0.4
2.377 -0.389
2.134 -0.973
1.786 -1.174
1.768 -1.211
1.768 -1.25
1.57 -1.25
1.372 -1.25
1.372 -1.329
1.42 -1.329
1.42 -1.363
1.22371 -1.36304
1.153 -1.363
1.016 -1.223
1.016 -1.0043
1.016 0.053
1.016 0.279
1.016 0.791002
1.016 1.01499
1.016 1.1068699999999998
1.016 1.138
1.001 1.217
