1.001 1.217
1.029 1.217
1.042 1.1624
1.116 1.16591
1.181 1.183
1.209 1.202
1.239 1.238
1.28 1.331
1.28 1.347
1.419 1.348
1.419 1.31
1.37883 1.31
1.37208 1.26729
1.37247 1.23377
1.38683978 1.17634652
1.38989922 1.16826496
1.39710804 1.16457775
1.40662609 1.16427271
1.41865478 1.16842273
1.43067927 1.17459493
1.44048819 1.17962987
1.44870038 1.1838452
1.46057196 1.19533259
1.47013429 1.2046987
1.47793392 1.21233838
1.48442705 1.21869835
1.48985824 1.22401817
1.494392 1.22845895
1.49810231 1.23209318
1.5011464 1.23507484
1.50291124 1.23680348
1.50206029 1.23343313
1.50085137 1.22905348
1.49940273 1.22380539
1.49762175 1.21735325
1.49666703 1.21186469
1.49657805 1.20733537
1.49687313 1.20276384
1.49738922 1.19773823
1.49799481 1.19184099
1.49870855 1.18489056
1.49955187 1.17667832
1.50055916 1.16686935
1.49877074 1.14617639
1.49793663 1.12062516
1.50448067 1.1168722
1.51181257 1.11387587
1.51970817 1.11064916
1.52828956 1.1083567
1.53737413 1.10616856
1.54693124 1.10386659
1.55690694 1.1014638
1.56730207 1.09895998
1.57809874 1.09635945
1.58925161 1.09367312
1.60392 1.09014
1.647 1.077
1.662 1.077
1.785 1.077
2.07 1.04
2.128 0.993
2.377 0.389
2.352 0.4
2.353 -0.4
2.377 -0.389
2.134 -0.973
1.786 -1.174
1.768 -1.211
1.768 -1.25
1.57 -1.25
1.372 -1.25
1.372 -1.329
1.42 -1.329
1.42 -1.363
1.22371 -1.36304
1.153 -1.363
1.016 -1.223
1.016 -1.0043
1.016 0.053
1.016 0.279
1.015997 0.7910022999999999
1.015996 0.9576512
1.016001 1.062892
1.0160019999999998 1.0726410000000002
1.016003 1.08141
1.016003 1.089261
1.0160040000000001 1.096252
1.016005 1.102437
1.016005 1.107864
1.0160040000000001 1.1125809999999998
1.0160040000000001 1.1166420000000001
1.016003 1.120091
1.0160019999999998 1.12298
1.0160019999999998 1.1253579999999999
1.0160019999999998 1.127282
1.0160019999999998 1.1288
1.016001 1.129963
1.016001 1.130827
1.016001 1.131444
1.016001 1.131869
1.016001 1.132153
1.016001 1.13235
1.016001 1.1325129999999999
1.016001 1.1326679999999998
1.016001 1.132868
1.016001 1.13312
1.016001 1.133432
1.016001 1.133808
1.016001 1.134257
1.016001 1.1347829999999999
1.016 1.135393
1.016 1.1360940000000002
1.016 1.136892
1.016 1.1377950000000001
1.015841 1.138837
1.015619 1.140007
1.015373 1.1413030000000002
1.015102 1.142731
1.014804 1.1442999999999999
1.014478 1.146018
1.014123 1.1478869999999999
1.013738 1.1499139999999999
1.013321 1.152112
1.001 1.217
