1001.0 1217.0
1029.0 1217.0
1029.0 1217.0
1042.0 1162.4
1042.0 1162.4
1116.0 1165.91
1116.0 1165.91
1181.0 1183.0
1181.0 1183.0
1209.0 1202.0
1209.0 1202.0
1239.0 1238.0
1239.0 1238.0
1280.0 1331.0
1280.0 1331.0
1280.0 1347.0
1280.0 1347.0
1419.0 1348.0
1419.0 1348.0
1419.0 1310.0
1419.0 1310.0
1378.83 1310.0
1378.83 1310.0
1372.08 1267.29
1372.08 1267.29
1372.47 1233.77
1372.47 1233.77
1377.59 1200.78
1377.59 1200.78
1389.92 1168.21
1389.92 1168.21
1395.745 1164.818
1395.745 1164.818
1402.247 1163.672
1402.247 1163.672
1412.008 1165.011
1412.008 1165.011
1418.48 1168.333
1418.48 1168.333
1449.002 1184.0
1449.002 1184.0
1469.763 1204.335
1469.763 1204.335
1503.02 1236.91
1503.02 1236.91
1496.71 1214.05
1496.71 1214.05
1496.55 1205.91
1496.55 1205.91
1500.9 1163.55
1500.9 1163.55
1496.207 1125.258
1496.207 1125.258
1497.085 1121.527
1497.085 1121.527
1498.951 1119.551
1498.951 1119.551
1501.146 1118.235
1501.146 1118.235
1521.052 1110.1
1521.052 1110.1
1603.92 1090.14
1603.92 1090.14
1647.0 1077.0
1647.0 1077.0
1662.0 1077.0
1662.0 1077.0
1785.0 1077.0
1785.0 1077.0
2070.0 1040.0
2070.0 1040.0
2128.0 993.0
2128.0 993.0
2377.0 389.0
2377.0 389.0
2352.0 400.0
2352.0 400.0
2353.0 -400.0
2353.0 -400.0
2377.0 -389.0
2377.0 -389.0
2134.0 -973.0
2134.0 -973.0
1786.0 -1174.0
1786.0 -1174.0
1768.0 -1211.0
1768.0 -1211.0
1768.0 -1250.0
1768.0 -1250.0
1570.0 -1250.0
1570.0 -1250.0
1372.0 -1250.0
1372.0 -1250.0
1372.0 -1329.0
1372.0 -1329.0
1420.0 -1329.0
1420.0 -1329.0
1420.0 -1363.0
1420.0 -1363.0
1223.71 -1363.04
1223.71 -1363.04
1153.0 -1363.0
1153.0 -1363.0
1016.0 -1223.0
1016.0 -1223.0
1016.0 -1004.3
1016.0 -1004.3
1016.0 53.0
1016.0 53.0
1016.0 279.0
1016.0 279.0
1015.997 791.0023
1015.997 791.0023
1015.996 957.6512
1015.996 957.6512
1016.001 1062.892
1016.001 1062.892
1016.002 1072.641
1016.002 1072.641
1016.003 1081.41
1016.003 1081.41
1016.003 1089.261
1016.004 1096.252
1016.005 1102.437
1016.005 1107.864
1016.004 1112.581
1016.004 1116.642
1016.003 1120.091
1016.002 1122.98
1016.002 1125.358
1016.002 1127.282
1016.002 1128.8
1016.001 1129.963
1016.001 1130.827
1016.001 1131.444
1016.001 1131.869
1016.001 1132.153
1016.001 1132.35
1016.001 1132.513
1016.001 1132.668
1016.001 1132.868
1016.001 1133.12
1016.001 1133.432
1016.001 1133.808
1016.001 1134.257
1016.001 1134.783
1016.0 1135.393
1016.0 1136.094
1016.0 1136.892
1016.0 1137.795
1015.841 1138.837
1015.619 1140.007
1015.373 1141.303
1015.102 1142.731
1014.804 1144.3
1014.478 1146.018
1014.123 1147.887
1013.738 1149.914
1013.321 1152.112
1001.0 1217.0
