1.0172999999999999 0.0
1.01932 1.05
1.01932 1.0625
1.01932 1.075
1.019320011138916 1.0783063173294067
1.019320011138916 1.0833487510681152
1.019320011138916 1.0881173610687256
1.019320011138916 1.092612862586975
1.019320011138916 1.096838355064392
1.019320011138916 1.100795030593872
1.019320011138916 1.1044831275939941
1.019320011138916 1.107903003692627
1.019320011138916 1.1110550165176392
1.019320011138916 1.1139390468597412
1.0192056894302368 1.1165847778320312
1.018783688545227 1.1190402507781982
1.018410325050354 1.121212363243103
1.0180853605270386 1.123103141784668
1.0178085565567017 1.1247141361236572
1.017580509185791 1.1260408163070679
1.0173245668411255 1.1275298595428467
1.0170464515686035 1.1291481256484985
1.0167453289031982 1.1308993101119995
1.0164213180541992 1.13278329372406
1.016074299812317 1.1348003149032593
1.01570463180542 1.1369495391845703
1.0153121948242188 1.1392313241958618
1.0148968696594238 1.141646385192871
1.0144585371017456 1.144194483757019
1.0139970779418945 1.1468759775161743
1.0135126113891602 1.1496906280517578
1.013005256652832 1.1526387929916382
1.0124748945236206 1.1557198762893677
1.011921763420105 1.158933401107788
1.011345624923706 1.1622806787490845
1.00225 1.21239
1.0264000000000002 1.21239
1.03497 1.16392
1.03843 1.1623599999999998
1.06122 1.16356
1.09895 1.1659000000000002
1.1381400000000002 1.16824
1.16192 1.17446
1.19008 1.18699
1.2101300000000001 1.2018499999999999
1.23082 1.22499
1.23939 1.2386400000000002
1.26108 1.2863399999999998
1.28076 1.33403
1.28076 1.34811
1.33062 1.34811
1.41948 1.34749
1.41948 1.3103699999999998
1.37993 1.3109300000000002
1.37411 1.30689
1.36741 1.26409
1.36789 1.22647
1.3723299999999998 1.19476
1.3915455341339111 1.164263129234314
1.4014078378677368 1.1635494232177734
1.4121683835983276 1.164624810218811
1.4278498888015747 1.1726666688919067
1.4400819540023804 1.1789394617080688
1.4518358707427979 1.1864522695541382
1.4652740955352783 1.1985466480255127
1.475938081741333 1.2081443071365356
1.484878420829773 1.2161905765533447
1.4925731420516968 1.2231159210205078
1.4993208646774292 1.2291887998580933
1.5015277862548828 1.2270127534866333
1.5012825965881347 1.226098863283793
1.5010374069213868 1.225184973080953
1.5007922172546386 1.2242710828781127
1.5005470275878907 1.2233571926752727
1.5003018379211426 1.2224433024724324
1.5000566482543944 1.2215294122695923
1.4998114585876465 1.220615522066752
1.4995662689208984 1.219701631863912
1.4993210792541505 1.2187877416610717
1.4990758895874023 1.2178738514582317
1.4988306999206542 1.2169599612553914
1.4985855102539063 1.2160460710525514
1.4983403205871582 1.215132180849711
1.4980951309204102 1.214218290646871
1.497849941253662 1.2133044004440308
1.497806191444397 1.2124486416578293
1.4977624416351318 1.2115928828716278
1.4977186918258667 1.2107371240854263
1.4976749420166016 1.2098813652992249
1.4976311922073364 1.2090256065130234
1.4975874423980713 1.208169847726822
1.4975436925888062 1.2073140889406204
1.497499942779541 1.206458330154419
1.4975507458051045 1.2055858771006267
1.4976015488306682 1.2047134240468342
1.4976523518562317 1.203840970993042
1.4977031548817952 1.2029685179392497
1.4977539579073589 1.2020960648854573
1.4978047609329224 1.201223611831665
1.4979034662246704 1.2003243207931518
1.4980021715164185 1.1994250297546387
1.4981008768081665 1.1985257387161254
1.4981995820999146 1.1976264476776124
1.4982982873916626 1.1967271566390991
1.4983885049819947 1.1959051609039306
1.4984787225723266 1.1950831651687621
1.4985689401626587 1.1942611694335938
1.4986591577529906 1.1934391736984253
1.4987493753433228 1.1926171779632568
1.4988427758216858 1.191766083240509
1.4989361763000488 1.1909149885177612
1.4990295767784119 1.1900638937950134
1.499122977256775 1.1892127990722656
1.499216377735138 1.1883617043495178
1.499309778213501 1.18751060962677
1.49940744468144 1.18662086554936
1.4995051111493791 1.18573112147195
1.4996027776173182 1.1848413773945399
1.4997004440852575 1.18395163331713
1.4997981105531966 1.18306188923972
1.4998957770211356 1.18217214516231
1.4999934434890747 1.1812824010849
1.5000963509082794 1.180344745516777
1.5001992583274841 1.1794070899486542
1.5003021657466888 1.1784694343805313
1.5004050731658936 1.1775317788124084
1.5005079805850983 1.1765941232442856
1.500610888004303 1.1756564676761627
1.5007137954235077 1.1747188121080399
1.5008167028427124 1.173781156539917
1.5009149670600892 1.1728859066963195
1.5010132312774658 1.171990656852722
1.5011114954948426 1.1710954070091248
1.5012097597122191 1.1702001571655274
1.501308023929596 1.16930490732193
1.5014062881469727 1.1684096574783325
1.5015045523643493 1.167514407634735
1.5016028165817261 1.1666191577911378
1.5017010807991027 1.1657239079475403
1.5017993450164795 1.1648286581039429
1.5015896439552308 1.163843348622322
1.501379942893982 1.1628580391407013
1.501170241832733 1.1618727296590805
1.5009605407714843 1.1608874201774597
1.5007508397102356 1.159902110695839
1.5005411386489869 1.1589168012142181
1.5003314375877381 1.1579314917325974
1.5001217365264892 1.1569461822509766
1.4999120354652404 1.1559608727693558
1.4997023344039917 1.154975563287735
1.499492633342743 1.1539902538061142
1.4992829322814942 1.1530049443244934
1.4990732312202453 1.1520196348428726
1.4988635301589965 1.1510343253612518
1.4986538290977478 1.150049015879631
1.498444128036499 1.1490637063980103
1.4982344269752503 1.1480783969163895
1.4980247259140014 1.1470930874347687
1.4978150248527526 1.1461077779531479
1.497605323791504 1.145122468471527
1.4973956227302552 1.1441371589899063
1.4971859216690064 1.1431518495082855
1.4969762206077575 1.1421665400266647
1.4967665195465087 1.141181230545044
1.49655681848526 1.1401959210634232
1.4963471174240113 1.1392106115818024
1.4961374163627625 1.1382253021001816
1.4959277153015136 1.1372399926185608
1.4957180142402648 1.13625468313694
1.4955083131790161 1.1352693736553192
1.4952986121177674 1.1342840641736984
1.4950889110565186 1.1332987546920776
1.4948792099952697 1.1323134452104568
1.494669508934021 1.131328135728836
1.4944598078727722 1.1303428262472153
1.4942501068115235 1.1293575167655945
1.4940404057502747 1.1283722072839737
1.4938307046890258 1.127386897802353
1.493621003627777 1.1264015883207321
1.4934113025665283 1.1254162788391113
1.4972569942474365 1.1158185005187988
1.5031076669692993 1.1102601289749146
1.5104230642318726 1.1087504625320435
1.518089771270752 1.107168197631836
1.5261000394821167 1.1055151224136353
1.5344560146331787 1.1040151119232178
1.5430558919906616 1.1026233434677124
1.5518710613250732 1.1011968851089478
1.5608856678009033 1.0997381210327148
1.60203 1.0930799999999998
1.64134 1.07021
1.6468699999999998 1.07846
1.7834 1.07209
2.04518 1.0390899999999998
2.0560500000000004 1.04322
2.10643 0.99973
2.08569 0.869266
2.22221 0.519112
2.24295 0.44863099999999995
2.30183 0.280677
2.31151 0.27968
2.33364 0.21933000000000002
2.3401199999999998 0.21987299999999999
2.34645 0.198669
2.3482800000000004 0.0632879
2.3510999999999997 0.0420837
2.3482800000000004 -0.254776
2.34645 -0.272718
2.34462 -0.41081799999999996
2.3510999999999997 -0.420604
2.2398000000000002 -0.684298
2.22333 -0.684298
2.21052 -0.714202
2.21318 -0.732687
2.2066999999999997 -0.753892
2.20021 -0.73595
2.18756 -0.7712899999999999
2.19388 -0.7897759999999999
2.13233 -0.9458179999999999
1.7839500000000001 -1.1589500000000001
1.74519 -1.23996
1.74687 -1.24048
1.74579 -1.2438
1.6452 -1.2448
1.40117 -1.24477
1.3855899999999999 -1.24821
1.3749 -1.25833
1.36954 -1.2694100000000001
1.36824 -1.27555
1.3685999999999998 -1.32247
1.37256 -1.3247
1.4277 -1.3247
1.4277 -1.35782
1.1645 -1.35894
1.01627 -1.218
1.0175 -1.217
1.0172999999999999 -0.001
1.0172999999999999 0.0
