-0.030342185062666734
-0.029395974613726138
-0.028449764164785545
-0.02750355371584495
-0.026557343266904357
-0.02561113281796376
-0.024664922369023165
-0.02371871192008257
-0.022772501471141973
-0.021826291022201377
-0.020880080573260785
-0.019933870124320192
-0.018987659675379596
-0.018041449226439
-0.017095238777498405
-0.01619369292166084
-0.015336811658926308
-0.014479930396191776
-0.013623049133457243
-0.012766167870722711
-0.011909286607988179
-0.011052405345253646
-0.010195524082519114
-0.00933012249879539
-0.008456200594082475
-0.007582278689369559
-0.006708356784656644
-0.0058344348799437284
-0.004960512975230813
-0.00407119682058692
-0.003166486416012049
-0.0022617760114371777
-0.0013570656068623065
-0.0004523552022874355
0.00041345907375216483
0.0012403772212564944
0.002067295368760824
0.0028942135162651535
0.0037211316637694837
0.004562700477739176
0.005418919958174229
0.006275139438609282
0.007131358919044335
0.00798757839947939
0.008843797879914442
0.009719450558934892
0.01061453643654074
0.011509622314146588
0.012404708191752434
0.01329979406935828
0.01419487994696413
0.015089965824569975
0.0160091485013254
0.0169524279772304
0.0178957074531354
0.018838986929040402
0.019782266404945403
0.020725545880850405
0.021668825356755406
0.022612104832660407
0.023534060176461934
0.02443469138815999
0.025335322599858046
0.0262359538115561
0.027136585023254157
0.02803721623495221
0.028937847446650268
0.029838478658348322
0.030739109870046376
0.03163974108174443
0.032593745505437255
0.033601123141124845
0.034608500776812434
0.035615878412500024
0.036623256048187613
0.0376306336838752
0.03863801131956279
0.03964538895525038
0.04065276659093797
0.04166014422662556
0.04266752186231315
0.04367489949800074
0.04468227713368833
0.04568965476937592
0.04669703240506351
0.0477044100407511
0.04871178767643869
0.04971916531212628
0.05072654294781387
0.05173392058350146
0.05274129821918905
0.05374867585487664
0.05475605349056423
0.05576343112625182
0.056770808761939406
0.057778186397626996
0.058785564033314586
0.059792941669002175
0.060800319304689765
0.061807696940377355
0.06281507457606494
0.06382245221175253
0.06482982984744012
0.06583720748312771
0.0668445851188153
0.06785196275450289
0.06885934039019048
0.06986671802587807
0.07087409566156566
0.07188147329725325
