DivGeo template file>>
1.01730e+03 0.00000e+00
1.01932e+03 1.05000e+03
1.01932e+03 1.05000e+03
1.01932e+03 1.06250e+03
1.01932e+03 1.06250e+03
1.01932e+03 1.07500e+03
1.01932e+03 1.07500e+03
1.01932e+03 1.08750e+03
1.01932e+03 1.08750e+03
1.01932e+03 1.10000e+03
1.01932e+03 1.10000e+03
1.01932e+03 1.11592e+03
1.01932e+03 1.11592e+03
1.01690e+03 1.13000e+03
1.01690e+03 1.13000e+03
1.01432e+03 1.14500e+03
1.01432e+03 1.14500e+03
1.01127e+03 1.16272e+03
1.01127e+03 1.16272e+03
1.00225e+03 1.21239e+03
1.00225e+03 1.21239e+03
1.02640e+03 1.21239e+03
1.02640e+03 1.21239e+03
1.03497e+03 1.16392e+03
1.03497e+03 1.16392e+03
1.03843e+03 1.16236e+03
1.03843e+03 1.16236e+03
1.06122e+03 1.16356e+03
1.06122e+03 1.16356e+03
1.09895e+03 1.16590e+03
1.09895e+03 1.16590e+03
1.13814e+03 1.16824e+03
1.13814e+03 1.16824e+03
1.16192e+03 1.17446e+03
1.16192e+03 1.17446e+03
1.19008e+03 1.18699e+03
1.19008e+03 1.18699e+03
1.21013e+03 1.20185e+03
1.21013e+03 1.20185e+03
1.23082e+03 1.22499e+03
1.23082e+03 1.22499e+03
1.23939e+03 1.23864e+03
1.23939e+03 1.23864e+03
1.26108e+03 1.28634e+03
1.26108e+03 1.28634e+03
1.28076e+03 1.33403e+03
1.28076e+03 1.33403e+03
1.28076e+03 1.34811e+03
1.28076e+03 1.34811e+03
1.33062e+03 1.34811e+03
1.33062e+03 1.34811e+03
1.41948e+03 1.34749e+03
1.41948e+03 1.34749e+03
1.41948e+03 1.31037e+03
1.41948e+03 1.31037e+03
1.37993e+03 1.31093e+03
1.37993e+03 1.31093e+03
1.37411e+03 1.30689e+03
1.37411e+03 1.30689e+03
1.36741e+03 1.26409e+03
1.36741e+03 1.26409e+03
1.36789e+03 1.22647e+03
1.36789e+03 1.22647e+03
1.37233e+03 1.19476e+03
1.37233e+03 1.19476e+03
1.38841e+03 1.16449e+03
1.38841e+03 1.16449e+03
1.40900e+03 1.16300e+03
1.40900e+03 1.16300e+03
1.44800e+03 1.18300e+03
1.44800e+03 1.18300e+03
1.50300e+03 1.23250e+03
1.50300e+03 1.23250e+03
1.49750e+03 1.21200e+03
1.49750e+03 1.21200e+03
1.49750e+03 1.20400e+03
1.49750e+03 1.20400e+03
1.50200e+03 1.16300e+03
1.50200e+03 1.16300e+03
1.49301e+03 1.12366e+03
1.49301e+03 1.12366e+03
1.49991e+03 1.11092e+03
1.49991e+03 1.11092e+03
1.52942e+03 1.10483e+03
1.52942e+03 1.10483e+03
1.60203e+03 1.09308e+03
1.60203e+03 1.09308e+03
1.64134e+03 1.07021e+03
1.64134e+03 1.07021e+03
1.64687e+03 1.07846e+03
1.64687e+03 1.07846e+03
1.78340e+03 1.07209e+03
1.78340e+03 1.07209e+03
2.04518e+03 1.03909e+03
2.04518e+03 1.03909e+03
2.05605e+03 1.04322e+03
2.05605e+03 1.04322e+03
2.10643e+03 9.99730e+02
2.10643e+03 9.99730e+02
2.08569e+03 8.69266e+02
2.08569e+03 8.69266e+02
2.22221e+03 5.19112e+02
2.22221e+03 5.19112e+02
2.24295e+03 4.48631e+02
2.24295e+03 4.48631e+02
2.30183e+03 2.80677e+02
2.30183e+03 2.80677e+02
2.31151e+03 2.79680e+02
2.31151e+03 2.79680e+02
2.33364e+03 2.19330e+02
2.33364e+03 2.19330e+02
2.34012e+03 2.19873e+02
2.34012e+03 2.19873e+02
2.34645e+03 1.98669e+02
2.34645e+03 1.98669e+02
2.34828e+03 6.32879e+01
2.34828e+03 6.32879e+01
2.35110e+03 4.20837e+01
2.35110e+03 4.20837e+01
2.34828e+03 -2.54776e+02
2.34828e+03 -2.54776e+02
2.34645e+03 -2.72718e+02
2.34645e+03 -2.72718e+02
2.34462e+03 -4.10818e+02
2.34462e+03 -4.10818e+02
2.35110e+03 -4.20604e+02
2.35110e+03 -4.20604e+02
2.23980e+03 -6.84298e+02
2.23980e+03 -6.84298e+02
2.22333e+03 -6.84298e+02
2.22333e+03 -6.84298e+02
2.21052e+03 -7.14202e+02
2.21052e+03 -7.14202e+02
2.21318e+03 -7.32687e+02
2.21318e+03 -7.32687e+02
2.20670e+03 -7.53892e+02
2.20670e+03 -7.53892e+02
2.20021e+03 -7.35950e+02
2.20021e+03 -7.35950e+02
2.18756e+03 -7.71290e+02
2.18756e+03 -7.71290e+02
2.19388e+03 -7.89776e+02
2.19388e+03 -7.89776e+02
2.13233e+03 -9.45818e+02
2.13233e+03 -9.45818e+02
1.78395e+03 -1.15895e+03
1.78395e+03 -1.15895e+03
1.74519e+03 -1.23996e+03
1.74519e+03 -1.23996e+03
1.74687e+03 -1.24048e+03
1.74687e+03 -1.24048e+03
1.74579e+03 -1.24380e+03
1.74579e+03 -1.24380e+03
1.64520e+03 -1.24480e+03
1.64520e+03 -1.24480e+03
1.40117e+03 -1.24477e+03
1.40117e+03 -1.24477e+03
1.38559e+03 -1.24821e+03
1.38559e+03 -1.24821e+03
1.37490e+03 -1.25833e+03
1.37490e+03 -1.25833e+03
1.36954e+03 -1.26941e+03
1.36954e+03 -1.26941e+03
1.36824e+03 -1.27555e+03
1.36824e+03 -1.27555e+03
1.36860e+03 -1.32247e+03
1.36860e+03 -1.32247e+03
1.37256e+03 -1.32470e+03
1.37256e+03 -1.32470e+03
1.42770e+03 -1.32470e+03
1.42770e+03 -1.32470e+03
1.42770e+03 -1.35782e+03
1.42770e+03 -1.35782e+03
1.16450e+03 -1.35894e+03
1.16450e+03 -1.35894e+03
1.01627e+03 -1.21800e+03
1.01627e+03 -1.21800e+03
1.01750e+03 -1.21700e+03
1.01750e+03 -1.21700e+03
1.01730e+03 -1.00000e+00
1.01730e+03 -1.00000e+00
1.01730e+03 0.00000e+00