1001.0 1217.0
1029.0 1217.0
1029.0 1217.0
1042.0 1162.4
1042.0 1162.4
1116.0 1165.91
1116.0 1165.91
1181.0 1183.0
1181.0 1183.0
1209.0 1202.0
1209.0 1202.0
1239.0 1238.0
1239.0 1238.0
1280.0 1331.0
1280.0 1331.0
1280.0 1347.0
1280.0 1347.0
1419.0 1348.0
1419.0 1348.0
1419.0 1310.0
1419.0 1310.0
1378.83 1310.0
1378.83 1310.0
1372.08 1267.29
1372.08 1267.29
1372.47 1233.77
1372.47 1233.77
1377.59 1200.78
1377.59 1200.78
1389.92 1168.21
1389.92 1168.21
1395.75 1164.82
1395.75 1164.82
1402.25 1163.67
1402.25 1163.67
1410.0 1163.0
1410.0 1163.0
1450.0 1184.0
1450.0 1184.0
1486.0 1217.0
1486.0 1217.0
1501.0 1230.0
1501.0 1230.0
1502.5 1229.0
1502.5 1229.0
1497.7 1210.5
1497.7 1210.5
1497.6 1201.0
1497.6 1201.0
1502.5 1160.0
1502.5 1160.0
1486.5 1121.0
1486.5 1121.0
1490.37 1114.22
1490.37 1114.22
1603.92 1090.14
1603.92 1090.14
1647.0 1077.0
1647.0 1077.0
1662.0 1077.0
1662.0 1077.0
1785.0 1077.0
1785.0 1077.0
2070.0 1040.0
2070.0 1040.0
2128.0 993.0
2128.0 993.0
2377.0 389.0
2377.0 389.0
2352.0 400.0
2352.0 400.0
2353.0 -400.0
2353.0 -400.0
2377.0 -389.0
2377.0 -389.0
2134.0 -973.0
2134.0 -973.0
1786.0 -1174.0
1786.0 -1174.0
1768.0 -1211.0
1768.0 -1211.0
1768.0 -1250.0
1768.0 -1250.0
1570.0 -1250.0
1570.0 -1250.0
1372.0 -1250.0
1372.0 -1250.0
1372.0 -1329.0
1372.0 -1329.0
1420.0 -1329.0
1420.0 -1329.0
1420.0 -1363.0
1420.0 -1363.0
1223.71 -1363.04
1223.71 -1363.04
1153.0 -1363.0
1153.0 -1363.0
1016.0 -1223.0
1016.0 -1223.0
1016.0 -1004.3
1016.0 -1004.3
1016.0 53.0
1016.0 53.0
1016.0 279.0
1016.0 279.0
1016.0 791.002
1016.0 791.002
1016.0 1014.99
1016.0 1014.99
1016.0 1106.87
1016.0 1106.87
1016.0 1138.0
1016.0 1138.0
1001.0 1217.0
1001.0 1217.0
