
 rmrs_inner_target = -0.1638211, -0.1539331, -0.1431189, -0.1254956, 
    -0.1117489, -0.09779902, -0.0797198, -0.06537279, -0.0533448, 
    -0.04299261, -0.03391457, -0.03081529, -0.01662213, -0.009767083, 
    -0.004523552, 0, 0.004134591, 0.009271908, 0.01553751, 0.02308374, 
    0.03209006, 0.07238516, 0.08272469, 0.09079479, 0.09826433, 0.1060925, 
    0.1142716, 0.1227612, 0.131473, 0.1404028, 0.1495347 ;
}

 rmrs_inner_target_midpoints = -0.1588771, -0.148526, -0.1343073, -0.1186222, 
    -0.1047739, -0.08875941, -0.0725463, -0.0593588, -0.04816871, 
    -0.03845359, -0.03236493, -0.02371871, -0.01319461, -0.007145318, 
    -0.002261776, 0.002067295, 0.006703249, 0.01240471, 0.01931063, 
    0.0275869, 0.05223761, 0.07755493, 0.08675974, 0.09452955, 0.1021784, 
    0.1101821, 0.1185164, 0.1271171, 0.1359379, 0.1449687 ;
}
