# r,z,r_minus_r_sep,gitr_index,x1,x2,z1,z2,xmid,zmid
2.246434189999999997e+00 -7.158897100000000124e-01 -1.798194218693898935e-02 1.430000000000000000e+02 2.246434189999999997e+00 2.247887659999999954e+00 -7.158897100000000124e-01 -7.164760700000000204e-01 2.247160925000000198e+00 -7.161828900000000164e-01
2.247887659999999954e+00 -7.164760700000000204e-01 -1.641465373534500144e-02 1.440000000000000000e+02 2.247887659999999954e+00 2.249296810000000146e+00 -7.164760700000000204e-01 -7.170445500000000028e-01 2.248592235000000272e+00 -7.167603099999999561e-01
2.249296810000000146e+00 -7.170445500000000028e-01 -1.489515604436270936e-02 1.450000000000000000e+02 2.249296810000000146e+00 2.250641069999999910e+00 -7.170445500000000028e-01 -7.175868600000000486e-01 2.249968940000000028e+00 -7.173157050000000812e-01
2.250641069999999910e+00 -7.175868600000000486e-01 -1.344562678156757153e-02 1.460000000000000000e+02 2.250641069999999910e+00 2.251918869999999906e+00 -7.175868600000000486e-01 -7.181023600000000506e-01 2.251279969999999686e+00 -7.178446099999999941e-01
2.251918869999999906e+00 -7.181023600000000506e-01 -1.206776137086883714e-02 1.470000000000000000e+02 2.251918869999999906e+00 2.253155969999999897e+00 -7.181023600000000506e-01 -7.186014499999999749e-01 2.252537419999999901e+00 -7.183519050000000128e-01
2.253155969999999897e+00 -7.186014499999999749e-01 -1.073377964756828777e-02 1.480000000000000000e+02 2.253155969999999897e+00 2.254338489999999862e+00 -7.186014499999999749e-01 -7.190785100000000041e-01 2.253747230000000101e+00 -7.188399800000000450e-01
2.254338489999999862e+00 -7.190785100000000041e-01 -9.458656204916579546e-03 1.490000000000000000e+02 2.254338489999999862e+00 2.255463100000000054e+00 -7.190785100000000041e-01 -7.195322199999999446e-01 2.254900795000000180e+00 -7.193053649999999744e-01
2.255463100000000054e+00 -7.195322199999999446e-01 -8.245973057429000982e-03 1.500000000000000000e+02 2.255463100000000054e+00 2.256526720000000097e+00 -7.195322199999999446e-01 -7.199613200000000157e-01 2.255994910000000075e+00 -7.197467699999999802e-01
2.256526720000000097e+00 -7.199613200000000157e-01 -7.099057927874877390e-03 1.510000000000000000e+02 2.256526720000000097e+00 2.257523609999999792e+00 -7.199613200000000157e-01 -7.203634899999999952e-01 2.257025164999999944e+00 -7.201624049999999500e-01
2.257523609999999792e+00 -7.203634899999999952e-01 -6.024101937613240976e-03 1.520000000000000000e+02 2.257523609999999792e+00 2.258450139999999884e+00 -7.203634899999999952e-01 -7.207372899999999749e-01 2.257986874999999838e+00 -7.205503899999999851e-01
2.258450139999999884e+00 -7.207372899999999749e-01 -5.025010209642202796e-03 1.530000000000000000e+02 2.258450139999999884e+00 2.259307569999999821e+00 -7.207372899999999749e-01 -7.210832099999999745e-01 2.258878854999999852e+00 -7.209102499999999747e-01
2.259307569999999821e+00 -7.210832099999999745e-01 -4.100430926238182901e-03 1.540000000000000000e+02 2.259307569999999821e+00 2.260095080000000145e+00 -7.210832099999999745e-01 -7.214009099999999508e-01 2.259701324999999983e+00 -7.212420600000000181e-01
2.260095080000000145e+00 -7.214009099999999508e-01 -3.251251740141104796e-03 1.550000000000000000e+02 2.260095080000000145e+00 2.260809300000000022e+00 -7.214009099999999508e-01 -7.216890500000000541e-01 2.260452190000000083e+00 -7.215449800000000025e-01
2.260809300000000022e+00 -7.216890500000000541e-01 -2.481099243553654306e-03 1.560000000000000000e+02 2.260809300000000022e+00 2.261443669999999795e+00 -7.216890500000000541e-01 -7.219449799999999584e-01 2.261126485000000130e+00 -7.218170150000000618e-01
2.261443669999999795e+00 -7.219449799999999584e-01 -1.797048469268833085e-03 1.570000000000000000e+02 2.261443669999999795e+00 2.261994679999999924e+00 -7.219449799999999584e-01 -7.221672700000000278e-01 2.261719174999999638e+00 -7.220561249999999376e-01
2.261994679999999924e+00 -7.221672700000000278e-01 -1.202889513937708318e-03 1.580000000000000000e+02 2.261994679999999924e+00 2.262458679999999944e+00 -7.221672700000000278e-01 -7.223544699999999708e-01 2.262226679999999934e+00 -7.222608699999999438e-01
2.262458679999999944e+00 -7.223544699999999708e-01 -7.025497893505064113e-04 1.590000000000000000e+02 2.262458679999999944e+00 2.262831869999999856e+00 -7.223544699999999708e-01 -7.225050200000000533e-01 2.262645274999999678e+00 -7.224297450000000120e-01
2.262831869999999856e+00 -7.225050200000000533e-01 -3.001369682327401328e-04 1.600000000000000000e+02 2.262831869999999856e+00 2.263110209999999789e+00 -7.225050200000000533e-01 -7.226173099999999572e-01 2.262971040000000045e+00 -7.225611650000000052e-01
2.263110209999999789e+00 -7.226173099999999572e-01 0.000000000000000000e+00 1.610000000000000000e+02 2.263110209999999789e+00 2.264689409999999903e+00 -7.226173099999999572e-01 -7.232544100000000142e-01 2.263899809999999846e+00 -7.229358599999999857e-01
2.264689409999999903e+00 -7.232544100000000142e-01 1.702870825987817631e-03 1.620000000000000000e+02 2.264689409999999903e+00 2.266749270000000038e+00 -7.232544100000000142e-01 -7.240854300000000299e-01 2.265719339999999971e+00 -7.236699200000000776e-01
2.266749270000000038e+00 -7.240854300000000299e-01 3.924045618749653214e-03 1.630000000000000000e+02 2.266749270000000038e+00 2.269247599999999920e+00 -7.240854300000000299e-01 -7.250933400000000306e-01 2.267998434999999979e+00 -7.245893850000000302e-01
2.269247599999999920e+00 -7.250933400000000306e-01 6.618026939583079686e-03 1.640000000000000000e+02 2.269247599999999920e+00 2.272112519999999858e+00 -7.250933400000000306e-01 -7.262491399999999597e-01 2.270680060000000111e+00 -7.256712400000000507e-01
2.272112519999999858e+00 -7.262491399999999597e-01 9.707305212319201557e-03 1.650000000000000000e+02 2.272112519999999858e+00 2.275264330000000168e+00 -7.262491399999999597e-01 -7.275206899999999699e-01 2.273688425000000013e+00 -7.268849149999999648e-01
2.275264330000000168e+00 -7.275206899999999699e-01 1.310594401022079428e-02 1.660000000000000000e+02 2.275264330000000168e+00 2.278669809999999796e+00 -7.275206899999999699e-01 -7.288945199999999902e-01 2.276967069999999982e+00 -7.282076049999999245e-01
2.278669809999999796e+00 -7.288945199999999902e-01 1.677809636262905454e-02 1.670000000000000000e+02 2.278669809999999796e+00 2.282231089999999796e+00 -7.288945199999999902e-01 -7.303312100000000084e-01 2.280450450000000018e+00 -7.296128649999999993e-01
2.282231089999999796e+00 -7.303312100000000084e-01 2.061825174939403010e-02 1.680000000000000000e+02 2.282231089999999796e+00 2.285942959999999857e+00 -7.303312100000000084e-01 -7.318286499999999695e-01 2.284087024999999826e+00 -7.310799299999999334e-01
2.285942959999999857e+00 -7.318286499999999695e-01 2.462078912592161745e-02 1.690000000000000000e+02 2.285942959999999857e+00 2.289740559999999814e+00 -7.318286499999999695e-01 -7.333606799999999870e-01 2.287841760000000058e+00 -7.325946649999999227e-01
2.289740559999999814e+00 -7.333606799999999870e-01 2.871577162660458524e-02 1.700000000000000000e+02 2.289740559999999814e+00 2.293630879999999816e+00 -7.333606799999999870e-01 -7.349301099999999698e-01 2.291685719999999815e+00 -7.341453949999999784e-01
2.293630879999999816e+00 -7.349301099999999698e-01 3.291073291692658137e-02 1.710000000000000000e+02 2.293630879999999816e+00 2.297589219999999877e+00 -7.349301099999999698e-01 -7.365269800000000533e-01 2.295610049999999625e+00 -7.357285449999999560e-01
2.297589219999999877e+00 -7.365269800000000533e-01 3.717904046822847336e-02 1.720000000000000000e+02 2.297589219999999877e+00 2.301616210000000162e+00 -7.365269800000000533e-01 -7.381515699999999791e-01 2.299602714999999797e+00 -7.373392750000000717e-01
2.301616210000000162e+00 -7.381515699999999791e-01 4.152138328382952437e-02 1.730000000000000000e+02 2.301616210000000162e+00 2.305699409999999894e+00 -7.381515699999999791e-01 -7.397988800000000476e-01 2.303657809999999806e+00 -7.389752250000000133e-01
2.305699409999999894e+00 -7.397988800000000476e-01 4.592435415315151287e-02 1.740000000000000000e+02 2.305699409999999894e+00 2.309821879999999883e+00 -7.397988800000000476e-01 -7.414620299999999942e-01 2.307760645000000110e+00 -7.406304550000000209e-01
2.309821879999999883e+00 -7.414620299999999942e-01 5.036966930771589329e-02 1.750000000000000000e+02 2.309821879999999883e+00 2.313953080000000107e+00 -7.414620299999999942e-01 -7.431287100000000256e-01 2.311887480000000217e+00 -7.422953700000000099e-01
2.313953080000000107e+00 -7.431287100000000256e-01 5.482440113605326071e-02 1.760000000000000000e+02 2.313953080000000107e+00 2.318057109999999810e+00 -7.431287100000000256e-01 -7.447844200000000026e-01 2.316005094999999958e+00 -7.439565649999999586e-01
2.318057109999999810e+00 -7.447844200000000026e-01 5.924983194502513734e-02 1.770000000000000000e+02 2.318057109999999810e+00 2.322116610000000136e+00 -7.447844200000000026e-01 -7.464221599999999457e-01 2.320086859999999973e+00 -7.456032900000000296e-01
2.322116610000000136e+00 -7.464221599999999457e-01 6.362724357264282204e-02 1.780000000000000000e+02 2.322116610000000136e+00 2.326115810000000117e+00 -7.464221599999999457e-01 -7.480355499999999935e-01 2.324116210000000127e+00 -7.472288549999999141e-01
2.326115810000000117e+00 -7.480355499999999935e-01 6.793962434573093401e-02 1.790000000000000000e+02 2.326115810000000117e+00 2.326155799999999996e+00 -7.480355499999999935e-01 -7.480516799999999966e-01 2.326135804999999834e+00 -7.480436150000000506e-01
