2.4460001 -0.79640007
2.4460001 -0.939999998
2.57999992 -0.939999998
2.57999992 -0.839399993
2.61500001 -0.839399993
2.61500001 -0.730399966
2.47199988 -0.730399966
2.46199989 -0.713400006
2.46199989 -0.693400025
2.38999987 -0.693400025
2.38100004 -0.684400022
2.38999987 -0.675400019
2.78600001 -0.675400019
2.78600001 -0.693400025
2.75 -0.693400025
2.75 -0.708400011
2.69800019 -0.708400011
2.69499993 -0.730399966
2.63499999 -0.730399966
2.63499999 -0.839399993
2.66999984 -0.839399993
2.66999984 -0.905599952
2.79899979 -0.862300038
2.80227375 -0.789011776
2.84676814 -0.765958786
2.88987207 -0.740399301
2.93144321 -0.712416947
2.97134614 -0.682103276
3.00945091 -0.649557471
3.04563189 -0.614886105
3.07977104 -0.578202486
3.11175704 -0.539626718
3.14148521 -0.499285072
3.1688571 -0.457309604
3.20478821 -0.393448085
3.07642603 -0.393688917
3.05015993 -0.436904579
3.02721405 -0.470228225
2.94721389 -0.470228225
2.97546196 -0.428661406
3.00104475 -0.385402888
3.02386189 -0.340623438
3.0438211 -0.294499606
3.0608449 -0.247213587
3.07486677 -0.198951915
3.08582997 -0.149904996
3.09369206 -0.100266598
3.09842086 -0.0502324253
3.0999999 0.0
3.09842086 0.0502324253
3.09369206 0.100266598
3.08582997 0.149904996
3.07486677 0.198951915
3.0608449 0.247213587
3.0438211 0.294499606
3.02386189 0.340623438
3.00104475 0.385402888
2.97546196 0.428661406
2.94721389 0.470228225
3.02721405 0.470228225
3.05563092 0.428395689
3.08134794 0.384851396
3.2089119 0.385060489
3.17912602 0.440092504
3.15272188 0.48268339
3.12392521 0.523694694
3.09283018 0.562992334
3.05953908 0.600447476
3.0241611 0.63593781
2.98681116 0.669347167
2.94761205 0.700565934
2.90669179 0.729492188
2.86418509 0.756031334
2.82022905 0.780096352
2.80227375 0.789011776
2.76600003 0.749200046
2.45600009 0.749200046
2.44460011 0.798600018
1.90139997 0.579200029
1.87626994 0.456250399
1.86133599 0.366737098
1.84965909 0.276740909
1.84125495 0.186380208
1.83613503 0.0957741439
1.83430505 0.00504197413
1.83576906 -0.0856968388
1.84052408 -0.176322803
1.84856308 -0.266716599
1.85987699 -0.356759191
1.87444985 -0.446332008
1.89226401 -0.535317063
1.89665997 -0.555000007
1.90909994 -0.57980001
1.93350506 -0.589645505
1.95790899 -0.599490941
1.98231399 -0.609336436
2.00671792 -0.619181812
2.03112292 -0.629027247
2.0732924938201904 -0.6460396945476532
2.0742465257644653 -0.6464245766401291
2.0752005577087402 -0.646809458732605
2.076150596141815 -0.6471927314996719
2.07710063457489 -0.6475760042667389
2.078050673007965 -0.6479592770338058
2.07900071144104 -0.6483425498008728
2.079980254173279 -0.6487377136945724
2.0809597969055176 -0.6491328775882721
2.0819393396377563 -0.6495280414819717
2.082918882369995 -0.6499232053756714
2.083902895450592 -0.6503202021121979
2.084886908531189 -0.6507171988487244
2.085870921611786 -0.6511141955852509
2.086854934692383 -0.6515111923217773
2.0878684520721436 -0.6519200801849365
2.0888819694519043 -0.6523289680480957
2.089895486831665 -0.6527378559112549
2.090909004211426 -0.6531467437744141
2.091940402984619 -0.6535628437995911
2.0929718017578125 -0.6539789438247681
2.094003200531006 -0.6543950438499451
2.095034599304199 -0.6548111438751221
2.0960662364959717 -0.6552273333072662
2.097097873687744 -0.6556435227394104
2.0981295108795166 -0.6560597121715546
2.099161148071289 -0.6564759016036987
2.1002129316329956 -0.6569002270698547
2.101264715194702 -0.6573245525360107
2.1023164987564087 -0.6577488780021667
2.1033682823181152 -0.6581732034683228
2.1043837666511536 -0.6585828810930252
2.105399250984192 -0.6589925587177277
2.1064147353172302 -0.6594022363424301
2.1074302196502686 -0.6598119139671326
2.10844349861145 -0.6602206826210022
2.109456777572632 -0.6606294512748718
2.1104700565338135 -0.6610382199287415
2.111483335494995 -0.6614469885826111
2.1124311685562134 -0.6618293672800064
2.1133790016174316 -0.6622117459774017
2.11432683467865 -0.6625941246747971
2.115274667739868 -0.6629765033721924
2.1161822080612183 -0.6633426249027252
2.1170897483825684 -0.6637087464332581
2.1179972887039185 -0.6640748679637909
2.1189048290252686 -0.6644409894943237
2.1197271943092346 -0.6647727638483047
2.1205495595932007 -0.6651045382022858
2.1213719248771667 -0.6654363125562668
2.122194290161133 -0.6657680869102478
2.122948408126831 -0.6660723090171814
2.1237025260925293 -0.666376531124115
2.1244566440582275 -0.6666807532310486
2.125210762023926 -0.6669849753379822
2.1265110969543457 -0.6675095856189728
2.1278114318847656 -0.6680341958999634
2.128905773162842 -0.6684756577014923
2.130000114440918 -0.6689171195030212
2.1308261156082153 -0.6692503690719604
2.1316521167755127 -0.6695836186408997
2.1319618225097656 -0.6697085499763489
2.1323676109313965 -0.6698722243309021
2.1328697204589844 -0.6700747609138489
2.13346266746521 -0.6703139543533325
2.13346266746521 -0.6703139543533325
2.1341404914855957 -0.6705874800682068
2.136669635772705 -0.6716077923774719
2.1376876831054688 -0.6720184683799744
2.1387720108032227 -0.6724559664726257
2.139953374862671 -0.6729325652122498
2.1412081718444824 -0.6734388470649719
2.1425082683563232 -0.6739632487297058
2.1439120769500732 -0.6745296716690063
2.145378351211548 -0.6751212477684021
2.1469106674194336 -0.6757393479347229
2.1485140323638916 -0.6763862371444702
2.150155782699585 -0.6770485043525696
2.1516503113497922 -0.6776515246762849
2.15314484 -0.678254545
2.15314484 -0.678254545
2.158025888 -0.680223632
2.162906936 -0.682192719
2.167787984 -0.6841618060000001
2.172669032 -0.6861308930000001
2.17755008 -0.68809998
2.18243108 -0.6900690792
2.18731208 -0.6920381784
2.19219308 -0.6940072776
2.1970740799999997 -0.6959763768
2.20195508 -0.697945476
2.2075149714663693 -0.7001885030383148
2.2130748629327393 -0.7024315300766296
2.2186347543991087 -0.7046745571149444
2.224194645865478 -0.7069175841532593
2.229754537331848 -0.7091606111915741
2.2353144287982176 -0.711403638229889
2.2408743202645875 -0.7136466652682038
2.246434211730957 -0.7158896923065186
2.24788761138916 -0.7164760828018188
2.2492969036102295 -0.7170445322990417
2.2519187927246094 -0.7181023359298706
2.2531559467315674 -0.7186014652252197
2.254338502883911 -0.7190784811973572
2.255463123321533 -0.7195321917533875
2.2565267086029053 -0.7199613451957703
2.257523536682129 -0.7203634977340698
2.2584500312805176 -0.7207372784614563
2.259307622909546 -0.7210832238197327
2.2600951194763184 -0.7214009165763855
2.2608091831207275 -0.7216890454292297
2.261443614959717 -0.7219449877738953
2.2619946002960205 -0.7221672534942627
2.262458562850952 -0.7223544716835022
2.262831926345825 -0.7225050330162048
2.2631101608276367 -0.7226173281669617
2.2646894454956055 -0.723254382610321
2.266749382019043 -0.7240854501724243
2.266749382019043 -0.7240854501724243
2.269247531890869 -0.7250933647155762
2.2721126079559326 -0.7262491583824158
2.275264263153076 -0.7275207042694092
2.278669834136963 -0.7288945317268372
2.282231092453003 -0.7303311824798584
2.284087061882019 -0.7310799062252045
2.285943031311035 -0.7318286299705505
2.287841796875 -0.7325946688652039
2.289740562438965 -0.7333607077598572
2.291685700416565 -0.7341454029083252
2.293630838394165 -0.7349300980567932
2.2956100702285767 -0.735728532075882
2.2975893020629883 -0.7365269660949707
2.299602746963501 -0.7373392581939697
2.3016161918640137 -0.7381515502929688
2.3036577701568604 -0.7389752268791199
2.305699348449707 -0.739798903465271
2.3077605962753296 -0.7406304776668549
2.309821844100952 -0.7414620518684387
2.311887502670288 -0.7422953844070435
2.313953161239624 -0.7431287169456482
2.3160051107406616 -0.7439565658569336
2.318057060241699 -0.744784414768219
2.3200868368148804 -0.7456032931804657
2.3221166133880615 -0.7464221715927124
2.3241162300109863 -0.7472288608551025
2.326115846633911 -0.7480355501174927
2.3316823849754336 -0.7502812148381195
2.3372489233169556 -0.7525268795587463
2.3428154616584775 -0.7547725442793732
2.348382 -0.757018209
2.3544829524999997 -0.75947956775
2.360583905 -0.7619409265
2.3666848575 -0.76440228525
2.37278581 -0.766863644
2.37888712 -0.76932501775
2.38498843 -0.7717863915000001
2.39108974 -0.77424776525
2.39719105 -0.776709139
2.39719105 -0.776709139
2.42159486 -0.786554456
2.4460001 -0.79640007
