2.24716 -0.716187 18.7169 10000 1.45286e+18 9.87741e+17 -2.27066e+06 -1.36867e+19 -9.3072e+18 6.35584 3.42834e+18
2.24859 -0.716764 19.9596 10000 1.5131e+18 1.06958e+18 5.3983e+06 -1.49969e+19 -1.06032e+19 6.74849 3.65225e+18
2.24997 -0.71732 21.5052 10000 1.58497e+18 1.20288e+18 1.38065e+06 -1.586e+19 -1.20399e+19 7.21067 3.99073e+18
2.25128 -0.717849 23.2923 10000 1.66215e+18 1.38374e+18 120435 -1.68244e+19 -1.40123e+19 7.74766 4.42962e+18
2.25254 -0.718357 25.3622 10000 1.74175e+18 1.62051e+18 2.26767e+06 -1.83228e+19 -1.7059e+19 8.4159 4.98277e+18
2.25375 -0.718845 27.6721 10000 1.81685e+18 1.91603e+18 1.48514e+06 -1.94312e+19 -2.05162e+19 9.22279 5.6489e+18
2.2549 -0.719311 30.1852 10000 1.87925e+18 2.26103e+18 5.1624e+06 -2.08007e+19 -2.50737e+19 10.2416 6.40132e+18
2.256 -0.719752 32.7592 10000 1.92575e+18 2.65063e+18 2.92729e+06 -2.13392e+19 -2.94468e+19 11.5189 7.22702e+18
2.25703 -0.720168 35.281 10000 1.95331e+18 3.05225e+18 -1.81737e+06 -2.11215e+19 -3.31048e+19 13.0993 8.05781e+18
2.25799 -0.720556 37.8677 10000 1.9656e+18 3.44591e+18 -945865 -2.1195e+19 -3.72913e+19 15.1207 8.85743e+18
2.25888 -0.720916 40.4897 10000 1.96782e+18 3.82566e+18 126065 -2.11047e+19 -4.12083e+19 17.7394 9.61914e+18
2.2597 -0.721248 42.9959 10000 1.96576e+18 4.1713e+18 -4.32776e+06 -1.99971e+19 -4.26746e+19 21.1055 1.03084e+19
2.26045 -0.721551 45.691 10000 1.95966e+18 4.46085e+18 630952 -2.01496e+19 -4.61543e+19 25.4046 1.08814e+19
2.26113 -0.721823 48.2028 10000 1.95602e+18 4.68324e+18 1.76568e+06 -1.93757e+19 -4.66686e+19 30.7274 1.13225e+19
2.26172 -0.722063 50.5173 10000 1.94987e+18 4.83452e+18 1.99734e+06 -1.81151e+19 -4.50698e+19 37.1021 1.16189e+19
2.26223 -0.722268 52.5979 10000 1.94639e+18 4.92049e+18 2.04789e+06 -1.6371e+19 -4.14097e+19 44.3187 1.17874e+19
2.26265 -0.722437 54.3805 10000 1.94525e+18 4.95702e+18 1.80102e+06 -1.39467e+19 -3.56986e+19 51.8752 1.18593e+19
2.26297 -0.722568 55.8711 10000 1.93969e+18 4.96467e+18 2.34929e+06 -1.11168e+19 -2.86408e+19 58.9998 1.1869e+19
2.2639 -0.722943 59.4287 10000 1.92766e+18 4.95385e+18 -612689 -6.7138e+19 -1.75018e+20 80.2086 1.18354e+19
2.26572 -0.723677 71.4221 10000 1.85847e+18 4.8804e+18 2.36034e+06 -9.45845e+19 -2.53108e+20 94.3909 1.16193e+19
2.268 -0.724597 89.9906 10000 1.68777e+18 4.51233e+18 -951783 -1.11764e+20 -2.98765e+20 94.2906 1.07124e+19
2.27068 -0.725679 106.92 10000 1.48124e+18 4.01998e+18 -1.33125e+06 -1.17227e+20 -3.20987e+20 90.1663 9.52121e+18
2.27369 -0.726892 116.207 10000 1.34498e+18 3.66068e+18 149615 -1.22787e+20 -3.35845e+20 84.6545 8.66633e+18
2.27697 -0.728215 118.244 10000 1.27617e+18 3.45214e+18 -1.07998e+06 -1.27644e+20 -3.47933e+20 78.3722 8.18046e+18
2.28045 -0.72962 117.093 10000 1.20328e+18 3.28865e+18 287801 -1.29587e+20 -3.56431e+20 71.998 7.78058e+18
2.28409 -0.731087 113.487 10000 1.17895e+18 3.14739e+18 -194867 -1.3359e+20 -3.58811e+20 65.531 7.47374e+18
2.28784 -0.732602 108.902 10000 1.14458e+18 3.00641e+18 -1.11825e+06 -1.32437e+20 -3.51492e+20 59.1981 7.1574e+18
2.29168 -0.734153 103.925 10000 1.1183e+18 2.84363e+18 -1.17896e+06 -1.32751e+20 -3.39557e+20 53.2088 6.80557e+18
2.29561 -0.735736 99.0961 10000 1.08069e+18 2.65606e+18 50548.3 -1.30261e+20 -3.22161e+20 47.69 6.3928e+18
2.2996 -0.737347 94.4639 10000 1.02962e+18 2.4546e+18 249171 -1.25319e+20 -2.996e+20 42.6924 5.93882e+18
2.30366 -0.738982 89.7475 10000 9.79979e+17 2.2453e+18 -1.91761e+06 -1.17921e+20 -2.71365e+20 38.1904 5.47058e+18
2.30776 -0.740638 85.4614 10000 9.22072e+17 2.03069e+18 -1.02177e+06 -1.10525e+20 -2.44737e+20 34.3168 4.98346e+18
2.31189 -0.742303 81.3002 10000 8.50926e+17 1.8204e+18 -168231 -1.01109e+20 -2.17606e+20 31.0101 4.49173e+18
2.316 -0.743964 76.7476 10000 7.70409e+17 1.62002e+18 -839123 -8.99316e+19 -1.89761e+20 28.1653 4.01045e+18
2.32008 -0.74561 71.5342 10000 6.82591e+17 1.43526e+18 -194283 -7.82606e+19 -1.64426e+20 25.715 3.55312e+18
2.32411 -0.747236 64.8012 10000 5.87366e+17 1.26479e+18 1.48299e+06 -6.49159e+19 -1.39922e+20 23.3555 3.11694e+18
