# r,z,r_minus_r_sep,gitr_index,x1,x2,z1,z2,xmid,zmid
2.150155700000000003e+00 -6.770485299999999818e-01 -1.995252573869501014e-02 9.900000000000000000e+01 2.150155700000000003e+00 2.148514099999999871e+00 -6.770485299999999818e-01 -6.763862499999999667e-01 2.149334899999999937e+00 -6.767173899999999742e-01
2.148514099999999871e+00 -6.763862499999999667e-01 -1.818236604013658692e-02 1.000000000000000000e+02 2.148514099999999871e+00 2.146910609999999942e+00 -6.763862499999999667e-01 -6.757393499999999609e-01 2.147712354999999906e+00 -6.760627999999999638e-01
2.146910609999999942e+00 -6.757393499999999609e-01 -1.645330277058865490e-02 1.010000000000000000e+02 2.146910609999999942e+00 2.145378469999999815e+00 -6.757393499999999609e-01 -6.751212300000000166e-01 2.146144539999999878e+00 -6.754302899999999887e-01
2.145378469999999815e+00 -6.751212300000000166e-01 -1.480117525916578580e-02 1.020000000000000000e+02 2.145378469999999815e+00 2.143912160000000178e+00 -6.751212300000000166e-01 -6.745296800000000204e-01 2.144645314999999997e+00 -6.748254550000000185e-01
2.143912160000000178e+00 -6.745296800000000204e-01 -1.322003756162046066e-02 1.030000000000000000e+02 2.143912160000000178e+00 2.142508180000000095e+00 -6.745296800000000204e-01 -6.739632599999999529e-01 2.143210170000000137e+00 -6.742464699999999311e-01
2.142508180000000095e+00 -6.739632599999999529e-01 -1.170610511372184061e-02 1.040000000000000000e+02 2.142508180000000095e+00 2.141208289999999792e+00 -6.739632599999999529e-01 -6.734388500000000333e-01 2.141858234999999944e+00 -6.737010549999999931e-01
2.141208289999999792e+00 -6.734388500000000333e-01 -1.030442046295309416e-02 1.050000000000000000e+02 2.141208289999999792e+00 2.139953339999999926e+00 -6.734388500000000333e-01 -6.729325600000000129e-01 2.140580814999999859e+00 -6.731857050000000786e-01
2.139953339999999926e+00 -6.729325600000000129e-01 -8.951191337269018972e-03 1.060000000000000000e+02 2.139953339999999926e+00 2.138771929999999877e+00 -6.729325600000000129e-01 -6.724559399999999743e-01 2.139362634999999901e+00 -6.726942499999999381e-01
2.138771929999999877e+00 -6.724559399999999743e-01 -7.677261899466377576e-03 1.070000000000000000e+02 2.138771929999999877e+00 2.137687609999999960e+00 -6.724559399999999743e-01 -6.720184900000000239e-01 2.138229769999999696e+00 -6.722372149999999991e-01
2.137687609999999960e+00 -6.720184900000000239e-01 -6.508026095661269793e-03 1.080000000000000000e+02 2.137687609999999960e+00 2.136669620000000158e+00 -6.720184900000000239e-01 -6.716077999999999770e-01 2.137178614999999837e+00 -6.718131450000000005e-01
2.136669620000000158e+00 -6.716077999999999770e-01 -5.410314878537368991e-03 1.090000000000000000e+02 2.136669620000000158e+00 2.135717790000000171e+00 -6.716077999999999770e-01 -6.712238000000000371e-01 2.136193705000000165e+00 -6.714158000000000071e-01
2.135717790000000171e+00 -6.712238000000000371e-01 -4.383944405024062761e-03 1.100000000000000000e+02 2.135717790000000171e+00 2.134895259999999961e+00 -6.712238000000000371e-01 -6.708919599999999539e-01 2.135306524999999844e+00 -6.710578799999999955e-01
2.134895259999999961e+00 -6.708919599999999539e-01 -3.496998303786563039e-03 1.110000000000000000e+02 2.134895259999999961e+00 2.134140480000000117e+00 -6.708919599999999539e-01 -6.705874600000000241e-01 2.134517869999999817e+00 -6.707397099999999890e-01
2.134140480000000117e+00 -6.705874600000000241e-01 -2.683110658960988042e-03 1.120000000000000000e+02 2.134140480000000117e+00 2.133462549999999958e+00 -6.705874600000000241e-01 -6.703139599999999865e-01 2.133801515000000038e+00 -6.704507100000000053e-01
2.133462549999999958e+00 -6.703139599999999865e-01 -1.952089910349679922e-03 1.130000000000000000e+02 2.133462549999999958e+00 2.132869710000000030e+00 -6.703139599999999865e-01 -6.700747900000000312e-01 2.133166130000000216e+00 -6.701943750000000088e-01
2.132869710000000030e+00 -6.700747900000000312e-01 -1.312823491319325356e-03 1.140000000000000000e+02 2.132869710000000030e+00 2.132367589999999868e+00 -6.700747900000000312e-01 -6.698722200000000182e-01 2.132618649999999949e+00 -6.699735049999999692e-01
2.132367589999999868e+00 -6.698722200000000182e-01 -7.713818053547449351e-04 1.150000000000000000e+02 2.132367589999999868e+00 2.131961840000000219e+00 -6.698722200000000182e-01 -6.697085299999999686e-01 2.132164715000000044e+00 -6.697903750000000489e-01
2.131961840000000219e+00 -6.697085299999999686e-01 -3.338575447705667771e-04 1.160000000000000000e+02 2.131961840000000219e+00 2.131652229999999815e+00 -6.697085299999999686e-01 -6.695836200000000460e-01 2.131807035000000017e+00 -6.696460749999999518e-01
2.131652229999999815e+00 -6.695836200000000460e-01 0.000000000000000000e+00 1.170000000000000000e+02 2.131652229999999815e+00 2.130000089999999791e+00 -6.695836200000000460e-01 -6.689170899999999920e-01 2.130826159999999803e+00 -6.692503549999999635e-01
2.130000089999999791e+00 -6.689170899999999920e-01 1.781524296915467731e-03 1.180000000000000000e+02 2.130000089999999791e+00 2.127811550000000107e+00 -6.689170899999999920e-01 -6.680341699999999827e-01 2.128905819999999949e+00 -6.684756299999999873e-01
2.127811550000000107e+00 -6.680341699999999827e-01 4.141451214851409220e-03 1.190000000000000000e+02 2.127811550000000107e+00 2.125210829999999884e+00 -6.680341699999999827e-01 -6.669849799999999496e-01 2.126511189999999996e+00 -6.675095749999999661e-01
2.125210829999999884e+00 -6.669849799999999496e-01 6.945830678208897088e-03 1.200000000000000000e+02 2.125210829999999884e+00 2.122194359999999946e+00 -6.669849799999999496e-01 -6.657680799999999843e-01 2.123702595000000137e+00 -6.663765299999999669e-01
2.122194359999999946e+00 -6.657680799999999843e-01 1.019851216751883893e-02 1.210000000000000000e+02 2.122194359999999946e+00 2.118904759999999943e+00 -6.657680799999999843e-01 -6.644409799999999588e-01 2.120549559999999722e+00 -6.651045300000000271e-01
2.118904759999999943e+00 -6.644409799999999588e-01 1.374571706292593808e-02 1.220000000000000000e+02 2.118904759999999943e+00 2.115274599999999783e+00 -6.644409799999999588e-01 -6.629764900000000294e-01 2.117089679999999863e+00 -6.637087349999999386e-01
2.115274599999999783e+00 -6.629764900000000294e-01 1.766015094098556670e-02 1.230000000000000000e+02 2.115274599999999783e+00 2.111483240000000094e+00 -6.629764900000000294e-01 -6.614469800000000177e-01 2.113378919999999717e+00 -6.622117350000000791e-01
2.111483240000000094e+00 -6.614469800000000177e-01 2.174840380617109464e-02 1.240000000000000000e+02 2.111483240000000094e+00 2.107430299999999868e+00 -6.614469800000000177e-01 -6.598119300000000464e-01 2.109456769999999981e+00 -6.606294550000000321e-01
2.107430299999999868e+00 -6.598119300000000464e-01 2.611872543576562039e-02 1.250000000000000000e+02 2.107430299999999868e+00 2.103368319999999958e+00 -6.598119300000000464e-01 -6.581732300000000535e-01 2.105399310000000135e+00 -6.589925800000000500e-01
2.103368319999999958e+00 -6.581732300000000535e-01 3.049879612131388418e-02 1.260000000000000000e+02 2.103368319999999958e+00 2.099161099999999891e+00 -6.581732300000000535e-01 -6.564759000000000011e-01 2.101264709999999702e+00 -6.573245650000000273e-01
2.099161099999999891e+00 -6.564759000000000011e-01 3.503549417797367782e-02 1.270000000000000000e+02 2.099161099999999891e+00 2.095034570000000151e+00 -6.564759000000000011e-01 -6.548111199999999688e-01 2.097097835000000021e+00 -6.556435099999999849e-01
2.095034570000000151e+00 -6.548111199999999688e-01 3.948518431205020468e-02 1.280000000000000000e+02 2.095034570000000151e+00 2.090909100000000187e+00 -6.548111199999999688e-01 -6.531467699999999876e-01 2.092971835000000169e+00 -6.539789449999999782e-01
2.090909100000000187e+00 -6.531467699999999876e-01 4.393373055137374944e-02 1.290000000000000000e+02 2.090909100000000187e+00 2.086854960000000148e+00 -6.531467699999999876e-01 -6.515111900000000178e-01 2.088882030000000167e+00 -6.523289800000000582e-01
2.086854960000000148e+00 -6.515111900000000178e-01 4.830536332140375477e-02 1.300000000000000000e+02 2.086854960000000148e+00 2.082918779999999970e+00 -6.515111900000000178e-01 -6.499232099999999734e-01 2.084886870000000059e+00 -6.507171999999999956e-01
2.082918779999999970e+00 -6.499232099999999734e-01 5.254979419877724850e-02 1.310000000000000000e+02 2.082918779999999970e+00 2.079000730000000186e+00 -6.499232099999999734e-01 -6.483425499999999619e-01 2.080959755000000300e+00 -6.491328800000000232e-01
2.079000730000000186e+00 -6.483425499999999619e-01 5.677467311279340428e-02 1.320000000000000000e+02 2.079000730000000186e+00 2.075200600000000062e+00 -6.483425499999999619e-01 -6.468094800000000477e-01 2.077100665000000124e+00 -6.475760150000000603e-01
2.075200600000000062e+00 -6.468094800000000477e-01 6.087239097055285181e-02 1.330000000000000000e+02 2.075200600000000062e+00 2.071384360000000147e+00 -6.468094800000000477e-01 -6.452699100000000021e-01 2.073292480000000104e+00 -6.460396950000000249e-01
2.071384360000000147e+00 -6.452699100000000021e-01 6.498748070499357765e-02 1.340000000000000000e+02 2.071384360000000147e+00 2.067659860000000016e+00 -6.452699100000000021e-01 -6.437673499999999605e-01 2.069522110000000303e+00 -6.445186299999999813e-01
2.067659860000000016e+00 -6.437673499999999605e-01 6.900364638927518335e-02 1.350000000000000000e+02 2.067659860000000016e+00 2.153144839999999949e+00 -6.437673499999999605e-01 -6.782545450000000420e-01 2.110402350000000204e+00 -6.610109475000000012e-01
