-0.017590120434761047
-0.016806475818157196
-0.016034779138863087
-0.01527503039687872
-0.01453277375549078
-0.013808009214699268
-0.013101160526275635
-0.01241222769021988
-0.011734265834093094
-0.011067274957895279
-0.010414998745545745
-0.009777437197044492
-0.009155485546216369
-0.008549143793061376
-0.007959244190715253
-0.007385786739178002
-0.006830318947322667
-0.006292840815149248
-0.005774328834377229
-0.005274783005006611
-0.004793865256942809
-0.004331575590185821
-0.0038881360087543726
-0.0034635465126484632
-0.0030587136279791594
-0.002673637354746461
-0.002310086536454037
-0.001968061173101887
-0.0016485087398905307
-0.0013514292368199676
-0.001077804554370232
-0.0008276346925413236
-0.0006019465654389933
-0.00040074017306324095
-0.00022510273265652359
-7.50342442188412e-05
0.00042571770609356463
0.0012771531182806939
0.0022581645753234625
0.0033687520190142095
0.004597541061230004
0.005944531760178506
0.007390346727333963
0.008934985962696373
0.010556965135037899
0.01225628424435854
0.014023981988430023
0.01586005836725235
0.017738135531544685
0.01965821348130703
0.021618886850774288
0.02362015563994646
0.025644535664469004
0.027692026924341917
0.030813253484666348
0.03504488803446293
0.03935021162033081
0.04372286796569824
0.04703568294644356
0.049258340150117874
0.052597034722566605
0.05703711695969105
0.06143853813409805
0.06578343361616135
-0.019067445769906044
-0.017317834310233593
-0.015627239365130663
-0.014010606333613396
-0.012463071383535862
-0.011005262844264507
-0.009627806022763252
-0.008314226754009724
-0.007092643994837999
-0.005959170637652278
-0.004897129721939564
-0.003940471331588924
-0.0030900544952601194
-0.002610008686315268
-0.002463804522994906
-0.002317600359674543
-0.0021713961963541802
-0.002025192033033818
-0.001888163306284696
-0.001760310016106814
-0.0016324567259289324
-0.0015046034357510509
-0.001376750145573169
-0.0012789833963324782
-0.0012113031880289782
-0.0011436229797254782
-0.0010759427714219783
-0.0010082625631184783
-0.0009405823548149783
-0.0008729021465114783
-0.0008052219382079784
-0.0005526196910068393
-0.00016692877397872508
0.0008907621377147734
0.00296148780034855
0.005543641047552228
0.008572171442210674
0.011972114443778992
0.01570293353870511
0.01970427669584751
0.02393356431275606
0.02830876037478447
0.032767144963145256
0.03726033866405487
0.04170945659279823
0.04611954651772976
0.05042757838964462
0.05466223321855068
0.05882353149354458
0.06292993575334549
