1.0172999999999999 0.0
1.01932 1.05
1.01932 1.0625
1.019320011138916 1.064167857170105
1.019320011138916 1.0695124864578247
1.019320011138916 1.0745558738708496
1.019320011138916 1.0793012380599976
1.019320011138916 1.0837548971176147
1.019320011138916 1.087920069694519
1.019320011138916 1.091794490814209
1.019320011138916 1.0953844785690308
1.019320011138916 1.0986897945404053
1.019320011138916 1.101711392402649
1.019320011138916 1.1044507026672363
1.019320011138916 1.106908917427063
1.019320011138916 1.109084129333496
1.019320011138916 1.1109799146652222
1.019320011138916 1.1125959157943726
1.019320011138916 1.1139246225357056
1.019320011138916 1.1155552864074707
1.019066572189331 1.1173945665359497
1.0187214612960815 1.119402527809143
1.018350601196289 1.1215600967407227
1.017953634262085 1.1238698959350586
1.017530918121338 1.1263290643692017
1.017082691192627 1.1289372444152832
1.0166082382202148 1.131696105003357
1.0161086320877075 1.1346007585525513
1.0155832767486572 1.1376551389694214
1.0150331258773804 1.1408538818359375
1.0144572257995605 1.1442018747329712
1.013856291770935 1.1476939916610718
1.0132299661636353 1.1513330936431885
1.0125786066055298 1.1551170349121094
1.01127 1.16272
1.00225 1.21239
1.0264000000000002 1.21239
1.03497 1.16392
1.03843 1.1623599999999998
1.06122 1.16356
1.09895 1.1659000000000002
1.1381400000000002 1.16824
1.16192 1.17446
1.19008 1.18699
1.2101300000000001 1.2018499999999999
1.23082 1.22499
1.23939 1.2386400000000002
1.26108 1.2863399999999998
1.28076 1.33403
1.28076 1.34811
1.33062 1.34811
1.41948 1.34749
1.41948 1.3103699999999998
1.37993 1.3109300000000002
1.37411 1.30689
1.36741 1.26409
1.36789 1.22647
1.3723299999999998 1.19476
1.3843050003051758 1.1722174882888794
1.3877792358398438 1.1656774282455444
1.395917534828186 1.1639467477798462
1.4044655561447144 1.1633281707763672
1.4150606393814087 1.1661080121994019
1.4269955158233643 1.172228455543518
1.436990737915039 1.1773542165756226
1.4455968141555786 1.1817675828933716
1.4554948806762695 1.1897454261779785
1.4646507501602173 1.1979857683181763
1.4724302291870117 1.2049871683120728
1.4791873693466187 1.2110686302185059
1.4851164817810059 1.216404914855957
1.490344762802124 1.221110224723816
1.494951844215393 1.2252566814422607
1.499052882194519 1.2289475202560425
1.5023040771484375 1.231873631477356
1.5020768245061238 1.2308626572291057
1.5018495718638103 1.2298516829808552
1.5016223192214966 1.228840708732605
1.5013950665791829 1.2278297344843547
1.5011678139368694 1.2268187602361043
1.5009405612945557 1.225807785987854
1.500713308652242 1.2247968117396038
1.5004860560099285 1.2237858374913533
1.5002588033676147 1.222774863243103
1.500031550725301 1.2217638889948528
1.4998042980829875 1.2207529147466023
1.4995770454406738 1.219741940498352
1.4993882179260254 1.2186475450342351
1.499199390411377 1.2175531495701184
1.4990105628967285 1.2164587541060015
1.49882173538208 1.2153643586418845
1.4986329078674316 1.2142699631777676
1.4984440803527832 1.2131755677136509
1.4982552528381348 1.212081172249534
1.4980664253234863 1.210986776785417
1.497877597808838 1.2098923813213
1.4976887702941895 1.2087979858571833
1.497499942779541 1.2077035903930664
1.4975590705871582 1.2066358838762556
1.4976181983947754 1.2055681773594447
1.4976773262023926 1.204500470842634
1.4977364540100098 1.2034327643258231
1.497795581817627 1.2023650578090124
1.4978547096252441 1.2012973512922014
1.4979138374328613 1.2002296447753906
1.4980223178863525 1.199241265654564
1.4981307983398438 1.1982528865337372
1.498239278793335 1.1972645074129105
1.4983477592468262 1.1962761282920837
1.4984562397003174 1.195287749171257
1.4985647201538086 1.1942993700504303
1.4986732006072998 1.1933109909296036
1.498781681060791 1.1923226118087769
1.4988948106765747 1.1912918885548909
1.4990079402923584 1.1902611653010051
1.499121069908142 1.1892304420471191
1.4992341995239258 1.1881997187932332
1.4993473291397095 1.1871689955393474
1.4994604587554932 1.1861382722854614
1.4995735883712769 1.1851075490315754
1.4996867179870605 1.1840768257776897
1.4997998476028442 1.1830461025238037
1.4999199628829956 1.1819517016410828
1.5000400781631469 1.1808573007583618
1.5001601934432984 1.1797628998756409
1.5002803087234498 1.17866849899292
1.500400424003601 1.177574098110199
1.5005205392837524 1.176479697227478
1.5006406545639037 1.175385296344757
1.5007607698440553 1.1742908954620361
1.5008808851242066 1.1731964945793152
1.501001000404358 1.1721020936965942
1.5008430282274883 1.1709616978963215
1.5006850560506184 1.169821302096049
1.5005270838737488 1.1686809062957764
1.5003691116968791 1.1675405104955037
1.5002111395200093 1.1664001146952312
1.5000531673431396 1.1652597188949585
1.49989519516627 1.1641193230946858
1.4997372229894002 1.1629789272944133
1.4995792508125305 1.1618385314941406
1.4994212786356609 1.160698135693868
1.499263306458791 1.1595577398935955
1.4991053342819214 1.1584173440933228
1.4989473621050518 1.15727694829305
1.498789389928182 1.1561365524927776
1.4986314177513123 1.1549961566925049
1.4984734455744426 1.1538557608922322
1.4983154733975728 1.1527153650919597
1.4981575012207031 1.151574969291687
1.4979995290438335 1.1504345734914143
1.4978415568669636 1.1492941776911418
1.497683584690094 1.1481537818908691
1.4975256125132244 1.1470133860905964
1.4973676403363545 1.145872990290324
1.4972096681594849 1.1447325944900513
1.4970516959826152 1.1435921986897786
1.4968937238057454 1.142451802889506
1.4967357516288757 1.1413114070892334
1.496577779452006 1.1401710112889607
1.4964198072751362 1.1390306154886882
1.4962618350982666 1.1378902196884155
1.4963335871696473 1.1367460191249847
1.496405339241028 1.135601818561554
1.4964770913124084 1.1344576179981232
1.496548843383789 1.1333134174346924
1.4966205954551697 1.1321692168712616
1.4966923475265503 1.1310250163078308
1.496764099597931 1.1298808157444
1.4968358516693114 1.1287366151809692
1.496907603740692 1.1275924146175385
1.4969793558120728 1.1264482140541077
1.4970511078834534 1.1253040134906769
1.497122859954834 1.124159812927246
1.4971946120262145 1.1230156123638153
1.4972663640975952 1.1218714118003845
1.4973381161689758 1.1207272112369537
1.4974098682403565 1.119583010673523
1.4974816203117371 1.1184388101100922
1.4975533723831176 1.1172946095466614
1.4976251244544982 1.1161504089832306
1.497696876525879 1.1150062084197998
1.5044020414352417 1.1099929809570312
1.512139916419983 1.108396053314209
1.5201966762542725 1.1067334413528442
1.5285594463348389 1.1050076484680176
1.5372204780578613 1.1035677194595337
1.5460783243179321 1.102134346961975
1.60203 1.0930799999999998
1.64134 1.07021
1.6468699999999998 1.07846
1.7834 1.07209
2.04518 1.0390899999999998
2.0560500000000004 1.04322
2.10643 0.99973
2.08569 0.869266
2.22221 0.519112
2.24295 0.44863099999999995
2.30183 0.280677
2.31151 0.27968
2.33364 0.21933000000000002
2.3401199999999998 0.21987299999999999
2.34645 0.198669
2.3482800000000004 0.0632879
2.3510999999999997 0.0420837
2.3482800000000004 -0.254776
2.34645 -0.272718
2.34462 -0.41081799999999996
2.3510999999999997 -0.420604
2.2398000000000002 -0.684298
2.22333 -0.684298
2.21052 -0.714202
2.21318 -0.732687
2.2066999999999997 -0.753892
2.20021 -0.73595
2.18756 -0.7712899999999999
2.19388 -0.7897759999999999
2.13233 -0.9458179999999999
1.7839500000000001 -1.1589500000000001
1.74519 -1.23996
1.74687 -1.24048
1.74579 -1.2438
1.6452 -1.2448
1.40117 -1.24477
1.3855899999999999 -1.24821
1.3749 -1.25833
1.36954 -1.2694100000000001
1.36824 -1.27555
1.3685999999999998 -1.32247
1.37256 -1.3247
1.4277 -1.3247
1.4277 -1.35782
1.1645 -1.35894
1.01627 -1.218
1.0175 -1.217
1.0172999999999999 -0.001
1.0172999999999999 0.0
