0.004892159874240557
0.00592836644500494
0.006964573015769322
0.008000779586533705
0.009036986157298088
0.01007319272806247
0.011109399298826853
0.012145605869591236
0.013181812440355618
0.014218019011120001
0.015254225581884382
0.01629043238547941
0.017363816584375774
0.018474377945742824
0.019584939307109875
0.02069550066847693
0.021806062029843983
0.022916623391211033
0.024027184752578087
0.025137746113945137
0.02624830747531219
0.02735886883667924
0.028469430198046295
0.029559385164507797
0.030628733736063753
0.03169808230761971
0.03276743087917566
0.033836779450731616
0.03490612802228757
0.03597547659384353
0.037007308565080166
0.038001623935997486
0.038995939306914806
0.03999025467783213
0.04098457004874945
0.04197888541966677
0.04297320079058409
0.04396751616150141
0.0449831270509296
0.04602003345886866
0.04705693986680773
0.04809384627474679
0.04913075268268585
0.050167659090624914
0.051204565498563975
0.052241471906503044
0.053278378314442106
0.05434731598943472
0.05544828493148088
0.05654925387352705
0.05765022281557322
0.05875119175761938
0.05985216069966555
0.060953129641711706
0.06205409858375788
0.06315506752580405
0.0642560364678502
0.06538216446836789
0.0665334515273571
0.06768473858634631
0.06883602564533552
0.06998731270432472
0.07113859976331394
0.07228988682230314
0.07344117388129234
0.07459246094028155
0.07574374799927075
0.07689503505825997
0.07804632211724917
0.07919760917623839
0.08034889623522759
0.0815001832942168
0.082651470353206
0.0838027574121952
0.0849540444711844
0.08610533153017362
0.08725661858916282
0.08840790564815204
0.08955919270714124
0.09071047976613045
0.09186176682511965
0.09301305388410885
0.09416434094309807
0.09531562800208727
0.09646691506107649
0.0976182021200657
0.0987694891790549
0.09991835691034794
0.10106480531394482
0.1022112537175417
0.10335770212113857
0.10450415052473545
0.10565059892833233
0.10679704733192921
0.10794349573552608
0.10908994413912296
0.11023639254271984
0.11138284094631672
0.1125292893499136
0.11367573775351048
0.11482218615710735
0.11596863456070423
0.1171150829643011
0.11826153136789799
0.11940797977149487
0.12055442817509174
0.12170087657868862
