1017.3 0.0
1019.32 1050.0
1019.32 1050.0
1019.32 1062.5
1019.32 1062.5
1019.32 1075.0
1019.32 1075.0
1019.32 1087.5
1019.32 1087.5
1019.32 1100.0
1019.32 1100.0
1019.32 1115.92
1019.32 1115.92
1016.9 1130.0
1016.9 1130.0
1014.32 1145.0
1014.32 1145.0
1011.27 1162.72
1011.27 1162.72
1002.25 1212.39
1002.25 1212.39
1026.4 1212.39
1026.4 1212.39
1034.97 1163.92
1034.97 1163.92
1038.43 1162.36
1038.43 1162.36
1061.22 1163.56
1061.22 1163.56
1098.95 1165.9
1098.95 1165.9
1138.14 1168.24
1138.14 1168.24
1161.92 1174.46
1161.92 1174.46
1190.08 1186.99
1190.08 1186.99
1210.13 1201.85
1210.13 1201.85
1230.82 1224.99
1230.82 1224.99
1239.39 1238.64
1239.39 1238.64
1261.08 1286.34
1261.08 1286.34
1280.76 1334.03
1280.76 1334.03
1280.76 1348.11
1280.76 1348.11
1330.62 1348.11
1330.62 1348.11
1419.48 1347.49
1419.48 1347.49
1419.48 1310.37
1419.48 1310.37
1379.93 1310.93
1379.93 1310.93
1374.11 1306.89
1374.11 1306.89
1367.41 1264.09
1367.41 1264.09
1367.89 1226.47
1367.89 1226.47
1372.33 1194.76
1372.33 1194.76
1388.41 1164.49
1388.41 1164.49
1409.0 1163.0
1409.0 1163.0
1448.0 1183.0
1448.0 1183.0
1503.0 1232.5
1503.0 1232.5
1497.5 1212.0
1497.5 1212.0
1497.5 1204.0
1497.5 1204.0
1502.0 1163.0
1502.0 1163.0
1493.01 1123.66
1493.01 1123.66
1499.91 1110.92
1499.91 1110.92
1529.42 1104.83
1529.42 1104.83
1602.03 1093.08
1602.03 1093.08
1641.34 1070.21
1641.34 1070.21
1646.87 1078.46
1646.87 1078.46
1783.4 1072.09
1783.4 1072.09
2045.18 1039.09
2045.18 1039.09
2056.05 1043.22
2056.05 1043.22
2106.43 999.73
2106.43 999.73
2085.69 869.266
2085.69 869.266
2222.21 519.112
2222.21 519.112
2242.95 448.631
2242.95 448.631
2301.83 280.677
2301.83 280.677
2311.51 279.68
2311.51 279.68
2333.64 219.33
2333.64 219.33
2340.12 219.873
2340.12 219.873
2346.45 198.669
2346.45 198.669
2348.28 63.2879
2348.28 63.2879
2351.1 42.0837
2351.1 42.0837
2348.28 -254.776
2348.28 -254.776
2346.45 -272.718
2346.45 -272.718
2344.62 -410.818
2344.62 -410.818
2351.1 -420.604
2351.1 -420.604
2239.8 -684.298
2239.8 -684.298
2223.33 -684.298
2223.33 -684.298
2210.52 -714.202
2210.52 -714.202
2213.18 -732.687
2213.18 -732.687
2206.7 -753.892
2206.7 -753.892
2200.21 -735.95
2200.21 -735.95
2187.56 -771.29
2187.56 -771.29
2193.88 -789.776
2193.88 -789.776
2132.33 -945.818
2132.33 -945.818
1783.95 -1158.95
1783.95 -1158.95
1745.19 -1239.96
1745.19 -1239.96
1746.87 -1240.48
1746.87 -1240.48
1745.79 -1243.8
1745.79 -1243.8
1645.2 -1244.8
1645.2 -1244.8
1401.17 -1244.77
1401.17 -1244.77
1385.59 -1248.21
1385.59 -1248.21
1374.9 -1258.33
1374.9 -1258.33
1369.54 -1269.41
1369.54 -1269.41
1368.24 -1275.55
1368.24 -1275.55
1368.6 -1322.47
1368.6 -1322.47
1372.56 -1324.7
1372.56 -1324.7
1427.7 -1324.7
1427.7 -1324.7
1427.7 -1357.82
1427.7 -1357.82
1164.5 -1358.94
1164.5 -1358.94
1016.27 -1218.0
1016.27 -1218.0
1017.5 -1217.0
1017.5 -1217.0
1017.3 -1.0
1017.3 -1.0
1017.3 0.0
1017.3 0.0
