1.465810999999999975e+00 1.159999999999999920e+00
1.450552999999999981e+00 1.159999999999999920e+00
1.468976999999999977e+00 1.159999999999999920e+00
1.459465999999999930e+00 1.159999999999999920e+00
1.487168000000000045e+00 1.159999999999999920e+00
1.457800999999999902e+00 1.159999999999999920e+00
1.483978999999999937e+00 1.159999999999999920e+00
1.483837000000000073e+00 1.159999999999999920e+00
1.479816999999999938e+00 1.159999999999999920e+00
1.463297999999999988e+00 1.159999999999999920e+00
1.460733000000000059e+00 1.159999999999999920e+00
1.451178000000000079e+00 1.159999999999999920e+00
1.463942999999999994e+00 1.159999999999999920e+00
1.487513000000000085e+00 1.159999999999999920e+00
1.454931999999999892e+00 1.159999999999999920e+00
1.452693000000000012e+00 1.159999999999999920e+00
1.466191999999999940e+00 1.159999999999999920e+00
1.467718999999999996e+00 1.159999999999999920e+00
1.466696000000000000e+00 1.159999999999999920e+00
1.455446999999999935e+00 1.159999999999999920e+00
1.476528999999999980e+00 1.159999999999999920e+00
1.457864000000000049e+00 1.159999999999999920e+00
1.482828000000000035e+00 1.159999999999999920e+00
1.489751000000000047e+00 1.159999999999999920e+00
1.482823999999999920e+00 1.159999999999999920e+00
1.454471999999999987e+00 1.159999999999999920e+00
1.450352000000000086e+00 1.159999999999999920e+00
1.458720000000000017e+00 1.159999999999999920e+00
1.476450000000000040e+00 1.159999999999999920e+00
1.481343999999999994e+00 1.159999999999999920e+00
1.489983000000000057e+00 1.159999999999999920e+00
1.484752000000000072e+00 1.159999999999999920e+00
1.475629999999999997e+00 1.159999999999999920e+00
1.457022000000000039e+00 1.159999999999999920e+00
1.463316999999999979e+00 1.159999999999999920e+00
1.479937999999999976e+00 1.159999999999999920e+00
1.482425000000000104e+00 1.159999999999999920e+00
1.470480000000000009e+00 1.159999999999999920e+00
1.461419999999999941e+00 1.159999999999999920e+00
1.471079999999999943e+00 1.159999999999999920e+00
1.454553999999999903e+00 1.159999999999999920e+00
1.453243000000000062e+00 1.159999999999999920e+00
1.470442999999999945e+00 1.159999999999999920e+00
1.482409000000000088e+00 1.159999999999999920e+00
1.487726000000000104e+00 1.159999999999999920e+00
1.476760000000000073e+00 1.159999999999999920e+00
1.486730000000000107e+00 1.159999999999999920e+00
1.457243999999999984e+00 1.159999999999999920e+00
1.460293000000000063e+00 1.159999999999999920e+00
1.459035000000000082e+00 1.159999999999999920e+00
1.468738000000000099e+00 1.159999999999999920e+00
1.451351000000000058e+00 1.159999999999999920e+00
1.454283999999999910e+00 1.159999999999999920e+00
1.489039000000000001e+00 1.159999999999999920e+00
1.466598999999999986e+00 1.159999999999999920e+00
1.456045999999999951e+00 1.159999999999999920e+00
1.472614000000000090e+00 1.159999999999999920e+00
1.476242999999999972e+00 1.159999999999999920e+00
1.468958999999999904e+00 1.159999999999999920e+00
1.461000999999999994e+00 1.159999999999999920e+00
1.450223999999999958e+00 1.159999999999999920e+00
1.481548000000000087e+00 1.159999999999999920e+00
1.462469999999999937e+00 1.159999999999999920e+00
1.474415000000000031e+00 1.159999999999999920e+00
1.483341000000000021e+00 1.159999999999999920e+00
1.486655000000000060e+00 1.159999999999999920e+00
1.483564000000000105e+00 1.159999999999999920e+00
1.476034999999999986e+00 1.159999999999999920e+00
1.485951999999999940e+00 1.159999999999999920e+00
1.459689000000000014e+00 1.159999999999999920e+00
1.483165999999999984e+00 1.159999999999999920e+00
1.470329999999999915e+00 1.159999999999999920e+00
1.461316999999999977e+00 1.159999999999999920e+00
1.451758000000000104e+00 1.159999999999999920e+00
1.473910999999999971e+00 1.159999999999999920e+00
1.469500999999999946e+00 1.159999999999999920e+00
1.478051000000000004e+00 1.159999999999999920e+00
1.466458000000000039e+00 1.159999999999999920e+00
1.473176000000000041e+00 1.159999999999999920e+00
1.473962999999999912e+00 1.159999999999999920e+00
1.451869000000000076e+00 1.159999999999999920e+00
1.466380999999999935e+00 1.159999999999999920e+00
1.473460999999999910e+00 1.159999999999999920e+00
1.473969000000000085e+00 1.159999999999999920e+00
1.481867000000000045e+00 1.159999999999999920e+00
1.486366999999999994e+00 1.159999999999999920e+00
1.484984999999999999e+00 1.159999999999999920e+00
1.472971999999999948e+00 1.159999999999999920e+00
1.471016000000000101e+00 1.159999999999999920e+00
1.487406000000000006e+00 1.159999999999999920e+00
1.483773000000000009e+00 1.159999999999999920e+00
1.455480000000000107e+00 1.159999999999999920e+00
1.488618999999999915e+00 1.159999999999999920e+00
1.455916999999999906e+00 1.159999999999999920e+00
1.469549999999999912e+00 1.159999999999999920e+00
1.468661999999999912e+00 1.159999999999999920e+00
1.470571000000000073e+00 1.159999999999999920e+00
1.454350000000000032e+00 1.159999999999999920e+00
1.480933999999999973e+00 1.159999999999999920e+00
1.460533000000000081e+00 1.159999999999999920e+00
1.453041999999999945e+00 1.159999999999999920e+00
1.454579000000000066e+00 1.159999999999999920e+00
1.470833999999999975e+00 1.159999999999999920e+00
1.486831999999999931e+00 1.159999999999999920e+00
1.465975999999999946e+00 1.159999999999999920e+00
1.478425000000000100e+00 1.159999999999999920e+00
1.485989000000000004e+00 1.159999999999999920e+00
1.489514000000000005e+00 1.159999999999999920e+00
1.480633000000000088e+00 1.159999999999999920e+00
1.464401000000000064e+00 1.159999999999999920e+00
1.480150000000000077e+00 1.159999999999999920e+00
1.450317000000000078e+00 1.159999999999999920e+00
1.477603000000000000e+00 1.159999999999999920e+00
1.463065000000000060e+00 1.159999999999999920e+00
1.463878999999999930e+00 1.159999999999999920e+00
1.478606000000000087e+00 1.159999999999999920e+00
1.485697999999999963e+00 1.159999999999999920e+00
1.470226999999999951e+00 1.159999999999999920e+00
1.462185000000000068e+00 1.159999999999999920e+00
1.450247000000000064e+00 1.159999999999999920e+00
1.476536999999999988e+00 1.159999999999999920e+00
1.487681999999999949e+00 1.159999999999999920e+00
1.460641999999999996e+00 1.159999999999999920e+00
1.460002000000000022e+00 1.159999999999999920e+00
1.452129000000000003e+00 1.159999999999999920e+00
1.476760999999999990e+00 1.159999999999999920e+00
1.470201000000000091e+00 1.159999999999999920e+00
1.485201999999999911e+00 1.159999999999999920e+00
1.471243999999999996e+00 1.159999999999999920e+00
1.478075000000000028e+00 1.159999999999999920e+00
1.468717999999999968e+00 1.159999999999999920e+00
1.475049999999999972e+00 1.159999999999999920e+00
1.470226000000000033e+00 1.159999999999999920e+00
1.467089000000000087e+00 1.159999999999999920e+00
1.450355000000000061e+00 1.159999999999999920e+00
1.451170000000000071e+00 1.159999999999999920e+00
1.488555999999999990e+00 1.159999999999999920e+00
1.470188000000000050e+00 1.159999999999999920e+00
1.461090999999999918e+00 1.159999999999999920e+00
1.477867000000000042e+00 1.159999999999999920e+00
1.460690999999999962e+00 1.159999999999999920e+00
1.457648000000000055e+00 1.159999999999999920e+00
1.455232000000000081e+00 1.159999999999999920e+00
1.483338999999999963e+00 1.159999999999999920e+00
1.460172000000000025e+00 1.159999999999999920e+00
1.462569000000000008e+00 1.159999999999999920e+00
1.466941000000000050e+00 1.159999999999999920e+00
1.486480000000000024e+00 1.159999999999999920e+00
1.486202000000000023e+00 1.159999999999999920e+00
1.457454999999999945e+00 1.159999999999999920e+00
1.451453000000000104e+00 1.159999999999999920e+00
1.454455000000000053e+00 1.159999999999999920e+00
1.479058999999999902e+00 1.159999999999999920e+00
1.482040000000000024e+00 1.159999999999999920e+00
1.454917999999999934e+00 1.159999999999999920e+00
1.450186999999999893e+00 1.159999999999999920e+00
1.476852000000000054e+00 1.159999999999999920e+00
1.478029999999999955e+00 1.159999999999999920e+00
1.470131000000000077e+00 1.159999999999999920e+00
1.454163000000000094e+00 1.159999999999999920e+00
1.486893000000000020e+00 1.159999999999999920e+00
1.486815999999999915e+00 1.159999999999999920e+00
1.457621000000000056e+00 1.159999999999999920e+00
1.478232999999999908e+00 1.159999999999999920e+00
1.460390999999999995e+00 1.159999999999999920e+00
1.452720000000000011e+00 1.159999999999999920e+00
1.459648000000000057e+00 1.159999999999999920e+00
1.468175000000000008e+00 1.159999999999999920e+00
1.457097000000000087e+00 1.159999999999999920e+00
1.454766000000000004e+00 1.159999999999999920e+00
1.470976999999999979e+00 1.159999999999999920e+00
1.474569999999999936e+00 1.159999999999999920e+00
1.477309999999999901e+00 1.159999999999999920e+00
1.483227999999999991e+00 1.159999999999999920e+00
1.477411999999999948e+00 1.159999999999999920e+00
1.479954999999999909e+00 1.159999999999999920e+00
1.452491999999999894e+00 1.159999999999999920e+00
1.482153000000000054e+00 1.159999999999999920e+00
1.477964999999999973e+00 1.159999999999999920e+00
1.488027999999999906e+00 1.159999999999999920e+00
1.477926000000000073e+00 1.159999999999999920e+00
1.460652000000000061e+00 1.159999999999999920e+00
1.466069999999999984e+00 1.159999999999999920e+00
1.487967000000000040e+00 1.159999999999999920e+00
1.452280999999999933e+00 1.159999999999999920e+00
1.473651000000000044e+00 1.159999999999999920e+00
1.469176999999999955e+00 1.159999999999999920e+00
1.475672000000000095e+00 1.159999999999999920e+00
1.473235999999999990e+00 1.159999999999999920e+00
1.457511000000000001e+00 1.159999999999999920e+00
1.472906000000000049e+00 1.159999999999999920e+00
1.474564999999999904e+00 1.159999999999999920e+00
1.472151999999999905e+00 1.159999999999999920e+00
1.472998000000000030e+00 1.159999999999999920e+00
1.488353999999999955e+00 1.159999999999999920e+00
1.459897999999999918e+00 1.159999999999999920e+00
1.456361000000000017e+00 1.159999999999999920e+00
1.486806999999999990e+00 1.159999999999999920e+00
1.461133999999999933e+00 1.159999999999999920e+00
1.474342999999999959e+00 1.159999999999999920e+00
1.474369999999999958e+00 1.159999999999999920e+00
1.478245999999999949e+00 1.159999999999999920e+00
1.479886999999999952e+00 1.159999999999999920e+00
1.484172999999999965e+00 1.159999999999999920e+00
1.485748000000000069e+00 1.159999999999999920e+00
1.487103999999999981e+00 1.159999999999999920e+00
1.463394000000000084e+00 1.159999999999999920e+00
1.463324000000000069e+00 1.159999999999999920e+00
1.467856000000000050e+00 1.159999999999999920e+00
1.457392000000000021e+00 1.159999999999999920e+00
1.459430999999999923e+00 1.159999999999999920e+00
1.451869999999999994e+00 1.159999999999999920e+00
1.453076000000000034e+00 1.159999999999999920e+00
1.479494000000000087e+00 1.159999999999999920e+00
1.487560999999999911e+00 1.159999999999999920e+00
1.486234000000000055e+00 1.159999999999999920e+00
1.461667000000000050e+00 1.159999999999999920e+00
1.483975000000000044e+00 1.159999999999999920e+00
1.477155999999999914e+00 1.159999999999999920e+00
1.472833000000000059e+00 1.159999999999999920e+00
1.459017000000000008e+00 1.159999999999999920e+00
1.457427000000000028e+00 1.159999999999999920e+00
1.450898000000000021e+00 1.159999999999999920e+00
1.479803999999999897e+00 1.159999999999999920e+00
1.484865000000000101e+00 1.159999999999999920e+00
1.468954000000000093e+00 1.159999999999999920e+00
1.483962999999999921e+00 1.159999999999999920e+00
1.456117000000000106e+00 1.159999999999999920e+00
1.457348000000000088e+00 1.159999999999999920e+00
1.488798000000000066e+00 1.159999999999999920e+00
1.468820999999999932e+00 1.159999999999999920e+00
1.484642000000000017e+00 1.159999999999999920e+00
1.476742999999999917e+00 1.159999999999999920e+00
1.473209999999999908e+00 1.159999999999999920e+00
1.467500000000000027e+00 1.159999999999999920e+00
1.478777000000000008e+00 1.159999999999999920e+00
1.482925999999999966e+00 1.159999999999999920e+00
1.451235999999999970e+00 1.159999999999999920e+00
1.481035000000000101e+00 1.159999999999999920e+00
1.450436999999999976e+00 1.159999999999999920e+00
1.476242999999999972e+00 1.159999999999999920e+00
1.471446000000000032e+00 1.159999999999999920e+00
1.476167000000000007e+00 1.159999999999999920e+00
1.481289999999999996e+00 1.159999999999999920e+00
1.484096000000000082e+00 1.159999999999999920e+00
1.455219999999999958e+00 1.159999999999999920e+00
1.478628999999999971e+00 1.159999999999999920e+00
1.485263000000000000e+00 1.159999999999999920e+00
1.484809999999999963e+00 1.159999999999999920e+00
1.487060999999999966e+00 1.159999999999999920e+00
1.466307000000000027e+00 1.159999999999999920e+00
1.458334999999999937e+00 1.159999999999999920e+00
1.485205000000000108e+00 1.159999999999999920e+00
1.470016999999999907e+00 1.159999999999999920e+00
1.477317999999999909e+00 1.159999999999999920e+00
1.475038000000000071e+00 1.159999999999999920e+00
1.469133000000000022e+00 1.159999999999999920e+00
1.472094999999999931e+00 1.159999999999999920e+00
1.475157999999999969e+00 1.159999999999999920e+00
1.458080999999999960e+00 1.159999999999999920e+00
1.475575000000000081e+00 1.159999999999999920e+00
1.485870000000000024e+00 1.159999999999999920e+00
1.477306000000000008e+00 1.159999999999999920e+00
1.488882000000000039e+00 1.159999999999999920e+00
1.453529000000000071e+00 1.159999999999999920e+00
1.472186999999999912e+00 1.159999999999999920e+00
1.482874999999999943e+00 1.159999999999999920e+00
1.473470000000000057e+00 1.159999999999999920e+00
1.462930999999999981e+00 1.159999999999999920e+00
1.468164999999999942e+00 1.159999999999999920e+00
1.451524000000000036e+00 1.159999999999999920e+00
1.456771999999999956e+00 1.159999999999999920e+00
1.469695999999999891e+00 1.159999999999999920e+00
1.466245999999999938e+00 1.159999999999999920e+00
1.475270000000000081e+00 1.159999999999999920e+00
1.485373999999999972e+00 1.159999999999999920e+00
1.462955000000000005e+00 1.159999999999999920e+00
1.452382999999999980e+00 1.159999999999999920e+00
1.488861999999999908e+00 1.159999999999999920e+00
1.469775999999999971e+00 1.159999999999999920e+00
1.474304000000000059e+00 1.159999999999999920e+00
1.478941000000000061e+00 1.159999999999999920e+00
1.484420999999999990e+00 1.159999999999999920e+00
1.457694999999999963e+00 1.159999999999999920e+00
1.468358000000000052e+00 1.159999999999999920e+00
1.453459000000000056e+00 1.159999999999999920e+00
1.468066000000000093e+00 1.159999999999999920e+00
1.489028000000000018e+00 1.159999999999999920e+00
1.485659000000000063e+00 1.159999999999999920e+00
1.476066000000000100e+00 1.159999999999999920e+00
1.470755000000000035e+00 1.159999999999999920e+00
1.482575999999999894e+00 1.159999999999999920e+00
1.474185999999999996e+00 1.159999999999999920e+00
1.483549000000000007e+00 1.159999999999999920e+00
1.475870000000000015e+00 1.159999999999999920e+00
1.470561000000000007e+00 1.159999999999999920e+00
1.473964999999999970e+00 1.159999999999999920e+00
1.477789000000000019e+00 1.159999999999999920e+00
1.455057999999999963e+00 1.159999999999999920e+00
1.469905999999999935e+00 1.159999999999999920e+00
1.484288999999999970e+00 1.159999999999999920e+00
1.463494999999999990e+00 1.159999999999999920e+00
1.462893999999999917e+00 1.159999999999999920e+00
1.461634000000000100e+00 1.159999999999999920e+00
1.450484000000000107e+00 1.159999999999999920e+00
1.489035000000000108e+00 1.159999999999999920e+00
1.461881999999999904e+00 1.159999999999999920e+00
1.478277999999999981e+00 1.159999999999999920e+00
1.469441999999999915e+00 1.159999999999999920e+00
1.477961000000000080e+00 1.159999999999999920e+00
1.457802000000000042e+00 1.159999999999999920e+00
1.453672000000000075e+00 1.159999999999999920e+00
1.461843000000000004e+00 1.159999999999999920e+00
1.455162000000000067e+00 1.159999999999999920e+00
1.479924999999999935e+00 1.159999999999999920e+00
1.470631000000000022e+00 1.159999999999999920e+00
1.480518000000000001e+00 1.159999999999999920e+00
1.465551999999999966e+00 1.159999999999999920e+00
1.466997000000000106e+00 1.159999999999999920e+00
1.476993999999999918e+00 1.159999999999999920e+00
1.477525999999999895e+00 1.159999999999999920e+00
1.478536999999999990e+00 1.159999999999999920e+00
1.460695999999999994e+00 1.159999999999999920e+00
1.489208000000000087e+00 1.159999999999999920e+00
1.468414000000000108e+00 1.159999999999999920e+00
1.479757999999999907e+00 1.159999999999999920e+00
1.479662999999999951e+00 1.159999999999999920e+00
1.476660000000000084e+00 1.159999999999999920e+00
1.462406000000000095e+00 1.159999999999999920e+00
1.470441000000000109e+00 1.159999999999999920e+00
1.473427999999999960e+00 1.159999999999999920e+00
1.468544000000000072e+00 1.159999999999999920e+00
1.474320000000000075e+00 1.159999999999999920e+00
1.459373000000000031e+00 1.159999999999999920e+00
1.475259000000000098e+00 1.159999999999999920e+00
1.469883999999999968e+00 1.159999999999999920e+00
1.483651999999999971e+00 1.159999999999999920e+00
1.473543999999999965e+00 1.159999999999999920e+00
1.455502999999999991e+00 1.159999999999999920e+00
1.450412999999999952e+00 1.159999999999999920e+00
1.458452000000000082e+00 1.159999999999999920e+00
1.470512000000000041e+00 1.159999999999999920e+00
1.488140999999999936e+00 1.159999999999999920e+00
1.472437999999999914e+00 1.159999999999999920e+00
1.480107999999999979e+00 1.159999999999999920e+00
1.485050999999999899e+00 1.159999999999999920e+00
1.466738000000000097e+00 1.159999999999999920e+00
1.458555000000000046e+00 1.159999999999999920e+00
1.456803000000000070e+00 1.159999999999999920e+00
1.487430999999999948e+00 1.159999999999999920e+00
1.464236000000000093e+00 1.159999999999999920e+00
1.475514999999999910e+00 1.159999999999999920e+00
1.454260000000000108e+00 1.159999999999999920e+00
1.466163000000000105e+00 1.159999999999999920e+00
1.458974999999999911e+00 1.159999999999999920e+00
1.481594999999999995e+00 1.159999999999999920e+00
1.472255000000000091e+00 1.159999999999999920e+00
1.480159000000000002e+00 1.159999999999999920e+00
1.455397999999999969e+00 1.159999999999999920e+00
1.478588000000000013e+00 1.159999999999999920e+00
1.452001000000000097e+00 1.159999999999999920e+00
1.462083999999999939e+00 1.159999999999999920e+00
1.476733000000000073e+00 1.159999999999999920e+00
1.454725000000000046e+00 1.159999999999999920e+00
1.465756000000000059e+00 1.159999999999999920e+00
1.485252000000000017e+00 1.159999999999999920e+00
1.479341999999999935e+00 1.159999999999999920e+00
1.484093000000000107e+00 1.159999999999999920e+00
1.459241000000000010e+00 1.159999999999999920e+00
1.480906000000000056e+00 1.159999999999999920e+00
1.453413999999999984e+00 1.159999999999999920e+00
1.482085000000000097e+00 1.159999999999999920e+00
1.485222999999999960e+00 1.159999999999999920e+00
1.454903000000000057e+00 1.159999999999999920e+00
1.480234999999999967e+00 1.159999999999999920e+00
1.487082999999999933e+00 1.159999999999999920e+00
1.477117000000000013e+00 1.159999999999999920e+00
1.456973999999999991e+00 1.159999999999999920e+00
1.483559999999999990e+00 1.159999999999999920e+00
1.453772999999999982e+00 1.159999999999999920e+00
1.457819999999999894e+00 1.159999999999999920e+00
1.459035000000000082e+00 1.159999999999999920e+00
1.472695000000000087e+00 1.159999999999999920e+00
1.486690000000000067e+00 1.159999999999999920e+00
1.486545999999999923e+00 1.159999999999999920e+00
1.460102000000000011e+00 1.159999999999999920e+00
1.487702000000000080e+00 1.159999999999999920e+00
1.450452999999999992e+00 1.159999999999999920e+00
1.484256999999999938e+00 1.159999999999999920e+00
1.474182000000000103e+00 1.159999999999999920e+00
1.463192000000000048e+00 1.159999999999999920e+00
1.460460000000000091e+00 1.159999999999999920e+00
1.454223000000000043e+00 1.159999999999999920e+00
1.478491999999999917e+00 1.159999999999999920e+00
1.476795000000000080e+00 1.159999999999999920e+00
1.478189999999999893e+00 1.159999999999999920e+00
1.468167999999999918e+00 1.159999999999999920e+00
1.457198999999999911e+00 1.159999999999999920e+00
1.451225999999999905e+00 1.159999999999999920e+00
1.453765999999999892e+00 1.159999999999999920e+00
1.486069000000000084e+00 1.159999999999999920e+00
1.454850999999999894e+00 1.159999999999999920e+00
1.484925000000000050e+00 1.159999999999999920e+00
1.485632999999999981e+00 1.159999999999999920e+00
1.482836000000000043e+00 1.159999999999999920e+00
1.451432999999999973e+00 1.159999999999999920e+00
1.458269000000000037e+00 1.159999999999999920e+00
1.450606000000000062e+00 1.159999999999999920e+00
1.484633000000000091e+00 1.159999999999999920e+00
1.484985999999999917e+00 1.159999999999999920e+00
1.453251000000000071e+00 1.159999999999999920e+00
1.475063000000000013e+00 1.159999999999999920e+00
1.455994999999999928e+00 1.159999999999999920e+00
1.458647000000000027e+00 1.159999999999999920e+00
1.474657000000000107e+00 1.159999999999999920e+00
1.482979999999999965e+00 1.159999999999999920e+00
1.479079000000000033e+00 1.159999999999999920e+00
1.453470000000000040e+00 1.159999999999999920e+00
1.467891999999999975e+00 1.159999999999999920e+00
1.477128999999999914e+00 1.159999999999999920e+00
1.462177999999999978e+00 1.159999999999999920e+00
1.451627999999999918e+00 1.159999999999999920e+00
1.475303999999999949e+00 1.159999999999999920e+00
1.463589000000000029e+00 1.159999999999999920e+00
1.488526999999999934e+00 1.159999999999999920e+00
1.488180000000000058e+00 1.159999999999999920e+00
1.469729000000000063e+00 1.159999999999999920e+00
1.465838999999999892e+00 1.159999999999999920e+00
1.472374000000000072e+00 1.159999999999999920e+00
1.465864999999999974e+00 1.159999999999999920e+00
1.473886999999999947e+00 1.159999999999999920e+00
1.488590999999999998e+00 1.159999999999999920e+00
1.487424000000000079e+00 1.159999999999999920e+00
1.453502999999999989e+00 1.159999999999999920e+00
1.464137999999999940e+00 1.159999999999999920e+00
1.472035999999999900e+00 1.159999999999999920e+00
1.470485000000000042e+00 1.159999999999999920e+00
1.453918999999999961e+00 1.159999999999999920e+00
1.455062000000000078e+00 1.159999999999999920e+00
1.451530999999999905e+00 1.159999999999999920e+00
1.464345999999999925e+00 1.159999999999999920e+00
1.483648999999999996e+00 1.159999999999999920e+00
1.468755999999999950e+00 1.159999999999999920e+00
1.464307999999999943e+00 1.159999999999999920e+00
1.481419999999999959e+00 1.159999999999999920e+00
1.450409999999999977e+00 1.159999999999999920e+00
1.479603000000000002e+00 1.159999999999999920e+00
1.475062000000000095e+00 1.159999999999999920e+00
1.460086999999999913e+00 1.159999999999999920e+00
1.482380999999999949e+00 1.159999999999999920e+00
1.464282000000000084e+00 1.159999999999999920e+00
1.486193000000000097e+00 1.159999999999999920e+00
1.470436000000000076e+00 1.159999999999999920e+00
1.471324000000000076e+00 1.159999999999999920e+00
1.454457000000000111e+00 1.159999999999999920e+00
1.453621999999999970e+00 1.159999999999999920e+00
1.472434000000000021e+00 1.159999999999999920e+00
1.481517999999999891e+00 1.159999999999999920e+00
1.478742000000000001e+00 1.159999999999999920e+00
1.482749000000000095e+00 1.159999999999999920e+00
1.481022999999999978e+00 1.159999999999999920e+00
1.458709999999999951e+00 1.159999999999999920e+00
1.465872000000000064e+00 1.159999999999999920e+00
1.453008000000000077e+00 1.159999999999999920e+00
1.471265999999999963e+00 1.159999999999999920e+00
1.477821999999999969e+00 1.159999999999999920e+00
1.472679000000000071e+00 1.159999999999999920e+00
1.479319000000000051e+00 1.159999999999999920e+00
1.477000000000000091e+00 1.159999999999999920e+00
1.487622000000000000e+00 1.159999999999999920e+00
1.487883000000000067e+00 1.159999999999999920e+00
1.452423000000000020e+00 1.159999999999999920e+00
1.456806000000000045e+00 1.159999999999999920e+00
1.451441999999999899e+00 1.159999999999999920e+00
1.488224999999999909e+00 1.159999999999999920e+00
1.473818000000000072e+00 1.159999999999999920e+00
1.452482999999999969e+00 1.159999999999999920e+00
1.478078999999999921e+00 1.159999999999999920e+00
1.464104999999999990e+00 1.159999999999999920e+00
1.450288000000000022e+00 1.159999999999999920e+00
1.476150999999999991e+00 1.159999999999999920e+00
1.457829999999999959e+00 1.159999999999999920e+00
1.476642999999999928e+00 1.159999999999999920e+00
1.456355999999999984e+00 1.159999999999999920e+00
1.487792999999999921e+00 1.159999999999999920e+00
1.465143000000000084e+00 1.159999999999999920e+00
1.469243000000000077e+00 1.159999999999999920e+00
1.462944000000000022e+00 1.159999999999999920e+00
1.472696999999999923e+00 1.159999999999999920e+00
1.470496000000000025e+00 1.159999999999999920e+00
1.471289000000000069e+00 1.159999999999999920e+00
1.459869000000000083e+00 1.159999999999999920e+00
1.476609000000000060e+00 1.159999999999999920e+00
1.484696000000000016e+00 1.159999999999999920e+00
1.484367999999999910e+00 1.159999999999999920e+00
1.486741000000000090e+00 1.159999999999999920e+00
1.483530000000000015e+00 1.159999999999999920e+00
1.484612999999999960e+00 1.159999999999999920e+00
1.470056000000000029e+00 1.159999999999999920e+00
1.475382999999999889e+00 1.159999999999999920e+00
1.479192999999999980e+00 1.159999999999999920e+00
1.471352999999999911e+00 1.159999999999999920e+00
1.473581000000000030e+00 1.159999999999999920e+00
1.471336999999999895e+00 1.159999999999999920e+00
1.488766000000000034e+00 1.159999999999999920e+00
1.475276999999999950e+00 1.159999999999999920e+00
1.455152999999999919e+00 1.159999999999999920e+00
1.453994999999999926e+00 1.159999999999999920e+00
1.481316999999999995e+00 1.159999999999999920e+00
1.487123999999999890e+00 1.159999999999999920e+00
1.469500999999999946e+00 1.159999999999999920e+00
1.475333000000000006e+00 1.159999999999999920e+00
1.480633000000000088e+00 1.159999999999999920e+00
1.479792999999999914e+00 1.159999999999999920e+00
1.459338000000000024e+00 1.159999999999999920e+00
1.463302000000000103e+00 1.159999999999999920e+00
1.452882000000000007e+00 1.159999999999999920e+00
1.484903000000000084e+00 1.159999999999999920e+00
1.465338999999999947e+00 1.159999999999999920e+00
1.477818999999999994e+00 1.159999999999999920e+00
1.463062000000000085e+00 1.159999999999999920e+00
1.482504999999999962e+00 1.159999999999999920e+00
1.450260000000000105e+00 1.159999999999999920e+00
1.481737000000000082e+00 1.159999999999999920e+00
1.459848000000000035e+00 1.159999999999999920e+00
1.480471000000000092e+00 1.159999999999999920e+00
1.456776000000000071e+00 1.159999999999999920e+00
1.478129000000000026e+00 1.159999999999999920e+00
1.485335999999999990e+00 1.159999999999999920e+00
1.458693999999999935e+00 1.159999999999999920e+00
1.469765999999999906e+00 1.159999999999999920e+00
1.455961000000000061e+00 1.159999999999999920e+00
1.476477999999999957e+00 1.159999999999999920e+00
1.462611000000000105e+00 1.159999999999999920e+00
1.457588000000000106e+00 1.159999999999999920e+00
1.467321000000000097e+00 1.159999999999999920e+00
1.466622000000000092e+00 1.159999999999999920e+00
1.452704999999999913e+00 1.159999999999999920e+00
1.455416000000000043e+00 1.159999999999999920e+00
1.456495000000000095e+00 1.159999999999999920e+00
1.456460000000000088e+00 1.159999999999999920e+00
1.466663000000000050e+00 1.159999999999999920e+00
1.454941999999999958e+00 1.159999999999999920e+00
1.452836000000000016e+00 1.159999999999999920e+00
1.474293000000000076e+00 1.159999999999999920e+00
1.474774000000000029e+00 1.159999999999999920e+00
1.477675000000000072e+00 1.159999999999999920e+00
1.477589999999999959e+00 1.159999999999999920e+00
1.458393000000000050e+00 1.159999999999999920e+00
1.462366999999999972e+00 1.159999999999999920e+00
1.467060999999999948e+00 1.159999999999999920e+00
1.480374999999999996e+00 1.159999999999999920e+00
1.467506999999999895e+00 1.159999999999999920e+00
1.470158000000000076e+00 1.159999999999999920e+00
1.464684000000000097e+00 1.159999999999999920e+00
1.469255999999999895e+00 1.159999999999999920e+00
1.480941000000000063e+00 1.159999999999999920e+00
1.480914999999999981e+00 1.159999999999999920e+00
1.457686000000000037e+00 1.159999999999999920e+00
1.477627000000000024e+00 1.159999999999999920e+00
1.459182999999999897e+00 1.159999999999999920e+00
1.468549000000000104e+00 1.159999999999999920e+00
1.489160999999999957e+00 1.159999999999999920e+00
1.476191999999999949e+00 1.159999999999999920e+00
1.483017000000000030e+00 1.159999999999999920e+00
1.464426000000000005e+00 1.159999999999999920e+00
1.486129000000000033e+00 1.159999999999999920e+00
1.485978000000000021e+00 1.159999999999999920e+00
1.469249999999999945e+00 1.159999999999999920e+00
1.459966000000000097e+00 1.159999999999999920e+00
1.478739000000000026e+00 1.159999999999999920e+00
1.456250000000000044e+00 1.159999999999999920e+00
1.463891999999999971e+00 1.159999999999999920e+00
1.482340999999999909e+00 1.159999999999999920e+00
1.486739999999999950e+00 1.159999999999999920e+00
1.480717000000000061e+00 1.159999999999999920e+00
1.456296000000000035e+00 1.159999999999999920e+00
1.489448000000000105e+00 1.159999999999999920e+00
1.477038000000000073e+00 1.159999999999999920e+00
1.456385999999999958e+00 1.159999999999999920e+00
1.454409000000000063e+00 1.159999999999999920e+00
1.452380000000000004e+00 1.159999999999999920e+00
1.462962000000000096e+00 1.159999999999999920e+00
1.480177999999999994e+00 1.159999999999999920e+00
1.480404999999999971e+00 1.159999999999999920e+00
1.470738000000000101e+00 1.159999999999999920e+00
1.462898000000000032e+00 1.159999999999999920e+00
1.481336999999999904e+00 1.159999999999999920e+00
1.450700000000000101e+00 1.159999999999999920e+00
1.460916000000000103e+00 1.159999999999999920e+00
1.459257999999999944e+00 1.159999999999999920e+00
1.468274999999999997e+00 1.159999999999999920e+00
1.479162000000000088e+00 1.159999999999999920e+00
1.456056000000000017e+00 1.159999999999999920e+00
1.486742000000000008e+00 1.159999999999999920e+00
1.450795000000000057e+00 1.159999999999999920e+00
1.473486000000000073e+00 1.159999999999999920e+00
1.459089000000000080e+00 1.159999999999999920e+00
1.462825999999999960e+00 1.159999999999999920e+00
1.481870000000000021e+00 1.159999999999999920e+00
1.451832000000000011e+00 1.159999999999999920e+00
1.487424999999999997e+00 1.159999999999999920e+00
1.489881999999999929e+00 1.159999999999999920e+00
1.460312000000000054e+00 1.159999999999999920e+00
1.473864000000000063e+00 1.159999999999999920e+00
1.463762000000000008e+00 1.159999999999999920e+00
1.455867999999999940e+00 1.159999999999999920e+00
1.480974000000000013e+00 1.159999999999999920e+00
1.454471000000000069e+00 1.159999999999999920e+00
1.480323000000000055e+00 1.159999999999999920e+00
1.473926999999999987e+00 1.159999999999999920e+00
1.456509999999999971e+00 1.159999999999999920e+00
1.459497999999999962e+00 1.159999999999999920e+00
1.474064000000000041e+00 1.159999999999999920e+00
1.480140999999999929e+00 1.159999999999999920e+00
1.454023000000000065e+00 1.159999999999999920e+00
1.460833000000000048e+00 1.159999999999999920e+00
1.468495000000000106e+00 1.159999999999999920e+00
1.460633999999999988e+00 1.159999999999999920e+00
1.457454000000000027e+00 1.159999999999999920e+00
1.459947000000000106e+00 1.159999999999999920e+00
1.486842999999999915e+00 1.159999999999999920e+00
1.467292999999999958e+00 1.159999999999999920e+00
1.478409000000000084e+00 1.159999999999999920e+00
1.450766999999999918e+00 1.159999999999999920e+00
1.477894999999999959e+00 1.159999999999999920e+00
1.450147999999999993e+00 1.159999999999999920e+00
1.469972000000000056e+00 1.159999999999999920e+00
1.470353000000000021e+00 1.159999999999999920e+00
1.460039000000000087e+00 1.159999999999999920e+00
1.458865999999999996e+00 1.159999999999999920e+00
1.472744999999999971e+00 1.159999999999999920e+00
1.478669999999999929e+00 1.159999999999999920e+00
1.488656999999999897e+00 1.159999999999999920e+00
1.458960000000000035e+00 1.159999999999999920e+00
1.466296000000000044e+00 1.159999999999999920e+00
1.451286999999999994e+00 1.159999999999999920e+00
1.459306999999999910e+00 1.159999999999999920e+00
1.474639000000000033e+00 1.159999999999999920e+00
1.485608000000000040e+00 1.159999999999999920e+00
1.483343000000000078e+00 1.159999999999999920e+00
1.474015999999999993e+00 1.159999999999999920e+00
1.479120999999999908e+00 1.159999999999999920e+00
1.459792999999999896e+00 1.159999999999999920e+00
1.488955999999999946e+00 1.159999999999999920e+00
1.468204999999999982e+00 1.159999999999999920e+00
1.457445000000000102e+00 1.159999999999999920e+00
1.456193999999999988e+00 1.159999999999999920e+00
1.474755999999999956e+00 1.159999999999999920e+00
1.480537999999999910e+00 1.159999999999999920e+00
1.487006999999999968e+00 1.159999999999999920e+00
1.482957000000000081e+00 1.159999999999999920e+00
1.458409000000000066e+00 1.159999999999999920e+00
1.482263000000000108e+00 1.159999999999999920e+00
1.456782000000000021e+00 1.159999999999999920e+00
1.459081999999999990e+00 1.159999999999999920e+00
1.470072999999999963e+00 1.159999999999999920e+00
1.450971999999999928e+00 1.159999999999999920e+00
1.472399999999999931e+00 1.159999999999999920e+00
1.478744999999999976e+00 1.159999999999999920e+00
1.466930000000000067e+00 1.159999999999999920e+00
1.450652999999999970e+00 1.159999999999999920e+00
1.470012000000000096e+00 1.159999999999999920e+00
1.483754999999999935e+00 1.159999999999999920e+00
1.454782000000000020e+00 1.159999999999999920e+00
1.462434000000000012e+00 1.159999999999999920e+00
1.479538999999999938e+00 1.159999999999999920e+00
1.487119999999999997e+00 1.159999999999999920e+00
1.489487999999999923e+00 1.159999999999999920e+00
1.488447000000000076e+00 1.159999999999999920e+00
1.479262000000000077e+00 1.159999999999999920e+00
1.467302000000000106e+00 1.159999999999999920e+00
1.457144999999999913e+00 1.159999999999999920e+00
1.466550000000000020e+00 1.159999999999999920e+00
1.486021000000000036e+00 1.159999999999999920e+00
1.467167000000000110e+00 1.159999999999999920e+00
1.482868999999999993e+00 1.159999999999999920e+00
1.473602999999999996e+00 1.159999999999999920e+00
1.466123999999999983e+00 1.159999999999999920e+00
1.477373000000000047e+00 1.159999999999999920e+00
1.487929000000000057e+00 1.159999999999999920e+00
1.480102000000000029e+00 1.159999999999999920e+00
1.476989000000000107e+00 1.159999999999999920e+00
1.471082999999999918e+00 1.159999999999999920e+00
1.469373999999999958e+00 1.159999999999999920e+00
1.471899000000000068e+00 1.159999999999999920e+00
1.487611000000000017e+00 1.159999999999999920e+00
1.455262000000000056e+00 1.159999999999999920e+00
1.481095000000000050e+00 1.159999999999999920e+00
1.453651000000000026e+00 1.159999999999999920e+00
1.475873999999999908e+00 1.159999999999999920e+00
1.483778999999999959e+00 1.159999999999999920e+00
1.459538999999999920e+00 1.159999999999999920e+00
1.476340999999999903e+00 1.159999999999999920e+00
1.476603000000000110e+00 1.159999999999999920e+00
1.482364999999999933e+00 1.159999999999999920e+00
1.464132999999999907e+00 1.159999999999999920e+00
1.461746999999999908e+00 1.159999999999999920e+00
1.485786000000000051e+00 1.159999999999999920e+00
1.462949999999999973e+00 1.159999999999999920e+00
1.480420000000000069e+00 1.159999999999999920e+00
1.484118999999999966e+00 1.159999999999999920e+00
1.462158999999999986e+00 1.159999999999999920e+00
1.469028000000000000e+00 1.159999999999999920e+00
1.455275000000000096e+00 1.159999999999999920e+00
1.457591000000000081e+00 1.159999999999999920e+00
1.471395000000000008e+00 1.159999999999999920e+00
1.476863000000000037e+00 1.159999999999999920e+00
1.459194000000000102e+00 1.159999999999999920e+00
1.485619999999999941e+00 1.159999999999999920e+00
1.474612000000000034e+00 1.159999999999999920e+00
1.487816000000000027e+00 1.159999999999999920e+00
1.461662999999999935e+00 1.159999999999999920e+00
1.487371999999999916e+00 1.159999999999999920e+00
1.489022999999999985e+00 1.159999999999999920e+00
1.471432999999999991e+00 1.159999999999999920e+00
1.456164000000000014e+00 1.159999999999999920e+00
1.451405999999999974e+00 1.159999999999999920e+00
1.477521000000000084e+00 1.159999999999999920e+00
1.485681000000000029e+00 1.159999999999999920e+00
1.476129000000000024e+00 1.159999999999999920e+00
1.456631000000000009e+00 1.159999999999999920e+00
1.464574000000000042e+00 1.159999999999999920e+00
1.479713999999999974e+00 1.159999999999999920e+00
1.464325000000000099e+00 1.159999999999999920e+00
1.453119999999999967e+00 1.159999999999999920e+00
1.479157000000000055e+00 1.159999999999999920e+00
1.477055000000000007e+00 1.159999999999999920e+00
1.458957000000000059e+00 1.159999999999999920e+00
1.456274000000000068e+00 1.159999999999999920e+00
1.467524000000000051e+00 1.159999999999999920e+00
1.460685999999999929e+00 1.159999999999999920e+00
1.459170999999999996e+00 1.159999999999999920e+00
1.463430000000000009e+00 1.159999999999999920e+00
1.450234999999999941e+00 1.159999999999999920e+00
1.473073000000000077e+00 1.159999999999999920e+00
1.477244999999999919e+00 1.159999999999999920e+00
1.482326999999999950e+00 1.159999999999999920e+00
1.479926999999999992e+00 1.159999999999999920e+00
1.456941000000000042e+00 1.159999999999999920e+00
1.477594000000000074e+00 1.159999999999999920e+00
1.462771999999999961e+00 1.159999999999999920e+00
1.459036999999999917e+00 1.159999999999999920e+00
1.462599999999999900e+00 1.159999999999999920e+00
1.450161999999999951e+00 1.159999999999999920e+00
1.465359000000000078e+00 1.159999999999999920e+00
1.485456000000000110e+00 1.159999999999999920e+00
1.460741999999999985e+00 1.159999999999999920e+00
1.487483000000000111e+00 1.159999999999999920e+00
1.469856999999999969e+00 1.159999999999999920e+00
1.475077999999999889e+00 1.159999999999999920e+00
1.455597999999999947e+00 1.159999999999999920e+00
1.451894999999999936e+00 1.159999999999999920e+00
1.457098999999999922e+00 1.159999999999999920e+00
1.458871000000000029e+00 1.159999999999999920e+00
1.488226999999999967e+00 1.159999999999999920e+00
1.464927000000000090e+00 1.159999999999999920e+00
1.460399999999999920e+00 1.159999999999999920e+00
1.454082000000000097e+00 1.159999999999999920e+00
1.468155000000000099e+00 1.159999999999999920e+00
1.489891000000000076e+00 1.159999999999999920e+00
1.477157000000000053e+00 1.159999999999999920e+00
1.480153000000000052e+00 1.159999999999999920e+00
1.463837000000000055e+00 1.159999999999999920e+00
1.456364999999999910e+00 1.159999999999999920e+00
1.457870999999999917e+00 1.159999999999999920e+00
1.475827999999999918e+00 1.159999999999999920e+00
1.485319000000000056e+00 1.159999999999999920e+00
1.475133999999999945e+00 1.159999999999999920e+00
1.461233000000000004e+00 1.159999999999999920e+00
1.464598000000000066e+00 1.159999999999999920e+00
1.450407000000000002e+00 1.159999999999999920e+00
1.463036000000000003e+00 1.159999999999999920e+00
1.463891999999999971e+00 1.159999999999999920e+00
1.472134000000000054e+00 1.159999999999999920e+00
1.460809000000000024e+00 1.159999999999999920e+00
1.481490999999999891e+00 1.159999999999999920e+00
1.461885000000000101e+00 1.159999999999999920e+00
1.473127000000000075e+00 1.159999999999999920e+00
1.481727999999999934e+00 1.159999999999999920e+00
1.477711999999999914e+00 1.159999999999999920e+00
1.451341999999999910e+00 1.159999999999999920e+00
1.463030999999999970e+00 1.159999999999999920e+00
1.466445999999999916e+00 1.159999999999999920e+00
1.452495000000000092e+00 1.159999999999999920e+00
1.467243000000000075e+00 1.159999999999999920e+00
1.488326999999999956e+00 1.159999999999999920e+00
1.475133999999999945e+00 1.159999999999999920e+00
1.488701999999999970e+00 1.159999999999999920e+00
1.464680999999999900e+00 1.159999999999999920e+00
1.450814000000000048e+00 1.159999999999999920e+00
1.477014000000000049e+00 1.159999999999999920e+00
1.458153000000000032e+00 1.159999999999999920e+00
1.466113000000000000e+00 1.159999999999999920e+00
1.464483999999999897e+00 1.159999999999999920e+00
1.483896000000000104e+00 1.159999999999999920e+00
1.484364999999999934e+00 1.159999999999999920e+00
1.478175000000000017e+00 1.159999999999999920e+00
1.474952000000000041e+00 1.159999999999999920e+00
1.472537999999999903e+00 1.159999999999999920e+00
1.455395999999999912e+00 1.159999999999999920e+00
1.452754000000000101e+00 1.159999999999999920e+00
1.475136999999999921e+00 1.159999999999999920e+00
1.481829000000000063e+00 1.159999999999999920e+00
1.483676999999999913e+00 1.159999999999999920e+00
1.475575999999999999e+00 1.159999999999999920e+00
1.489241000000000037e+00 1.159999999999999920e+00
1.454609000000000041e+00 1.159999999999999920e+00
1.481889999999999930e+00 1.159999999999999920e+00
1.467859999999999943e+00 1.159999999999999920e+00
1.481317999999999913e+00 1.159999999999999920e+00
1.483352000000000004e+00 1.159999999999999920e+00
1.487298000000000009e+00 1.159999999999999920e+00
1.487662999999999958e+00 1.159999999999999920e+00
1.467012999999999900e+00 1.159999999999999920e+00
1.457986000000000004e+00 1.159999999999999920e+00
1.485484999999999944e+00 1.159999999999999920e+00
1.452725000000000044e+00 1.159999999999999920e+00
1.472639000000000031e+00 1.159999999999999920e+00
1.453443000000000040e+00 1.159999999999999920e+00
1.459788000000000086e+00 1.159999999999999920e+00
1.487306000000000017e+00 1.159999999999999920e+00
1.484340999999999910e+00 1.159999999999999920e+00
1.453151999999999999e+00 1.159999999999999920e+00
1.470827000000000107e+00 1.159999999999999920e+00
1.482199000000000044e+00 1.159999999999999920e+00
1.452490000000000059e+00 1.159999999999999920e+00
1.458873000000000086e+00 1.159999999999999920e+00
1.485686000000000062e+00 1.159999999999999920e+00
1.454175999999999913e+00 1.159999999999999920e+00
1.454598999999999975e+00 1.159999999999999920e+00
1.487448000000000103e+00 1.159999999999999920e+00
1.455465999999999926e+00 1.159999999999999920e+00
1.451562999999999937e+00 1.159999999999999920e+00
1.452070999999999890e+00 1.159999999999999920e+00
1.457041999999999948e+00 1.159999999999999920e+00
1.471502000000000088e+00 1.159999999999999920e+00
1.478131000000000084e+00 1.159999999999999920e+00
1.466404000000000041e+00 1.159999999999999920e+00
1.456129000000000007e+00 1.159999999999999920e+00
1.455524000000000040e+00 1.159999999999999920e+00
1.464221999999999912e+00 1.159999999999999920e+00
1.482126000000000055e+00 1.159999999999999920e+00
1.478283999999999931e+00 1.159999999999999920e+00
1.455235999999999974e+00 1.159999999999999920e+00
1.478093000000000101e+00 1.159999999999999920e+00
1.485830999999999902e+00 1.159999999999999920e+00
1.478590000000000071e+00 1.159999999999999920e+00
1.465789999999999926e+00 1.159999999999999920e+00
1.461127000000000065e+00 1.159999999999999920e+00
1.470380999999999938e+00 1.159999999999999920e+00
1.464263000000000092e+00 1.159999999999999920e+00
1.479714999999999892e+00 1.159999999999999920e+00
1.488110999999999962e+00 1.159999999999999920e+00
1.471422000000000008e+00 1.159999999999999920e+00
1.482763999999999971e+00 1.159999999999999920e+00
1.461289999999999978e+00 1.159999999999999920e+00
1.477518000000000109e+00 1.159999999999999920e+00
1.479367000000000099e+00 1.159999999999999920e+00
1.480234000000000050e+00 1.159999999999999920e+00
1.477546000000000026e+00 1.159999999999999920e+00
1.456328000000000067e+00 1.159999999999999920e+00
1.489794000000000063e+00 1.159999999999999920e+00
1.459630999999999901e+00 1.159999999999999920e+00
1.488825999999999983e+00 1.159999999999999920e+00
1.461146000000000056e+00 1.159999999999999920e+00
1.483659999999999979e+00 1.159999999999999920e+00
1.474275000000000002e+00 1.159999999999999920e+00
1.471241000000000021e+00 1.159999999999999920e+00
1.482920999999999934e+00 1.159999999999999920e+00
1.462264000000000008e+00 1.159999999999999920e+00
1.486100999999999894e+00 1.159999999999999920e+00
1.482196000000000069e+00 1.159999999999999920e+00
1.456083000000000016e+00 1.159999999999999920e+00
1.477708999999999939e+00 1.159999999999999920e+00
1.489902000000000060e+00 1.159999999999999920e+00
1.477686000000000055e+00 1.159999999999999920e+00
1.471816999999999931e+00 1.159999999999999920e+00
1.454442000000000013e+00 1.159999999999999920e+00
1.481775999999999982e+00 1.159999999999999920e+00
1.470313999999999899e+00 1.159999999999999920e+00
1.468321999999999905e+00 1.159999999999999920e+00
1.486425000000000107e+00 1.159999999999999920e+00
1.466383999999999910e+00 1.159999999999999920e+00
1.471540000000000070e+00 1.159999999999999920e+00
1.466817000000000037e+00 1.159999999999999920e+00
1.451734000000000080e+00 1.159999999999999920e+00
1.465808000000000000e+00 1.159999999999999920e+00
1.474075000000000024e+00 1.159999999999999920e+00
1.483908000000000005e+00 1.159999999999999920e+00
1.480779000000000067e+00 1.159999999999999920e+00
1.489843999999999946e+00 1.159999999999999920e+00
1.451858000000000093e+00 1.159999999999999920e+00
1.456739999999999924e+00 1.159999999999999920e+00
1.486563999999999997e+00 1.159999999999999920e+00
1.485815000000000108e+00 1.159999999999999920e+00
1.475869000000000097e+00 1.159999999999999920e+00
1.460280999999999940e+00 1.159999999999999920e+00
1.461511000000000005e+00 1.159999999999999920e+00
1.453406999999999893e+00 1.159999999999999920e+00
1.452949000000000046e+00 1.159999999999999920e+00
1.458339000000000052e+00 1.159999999999999920e+00
1.469257999999999953e+00 1.159999999999999920e+00
1.461228999999999889e+00 1.159999999999999920e+00
1.451332000000000066e+00 1.159999999999999920e+00
1.474809999999999954e+00 1.159999999999999920e+00
1.480949999999999989e+00 1.159999999999999920e+00
1.480164000000000035e+00 1.159999999999999920e+00
1.470587000000000089e+00 1.159999999999999920e+00
1.485953000000000079e+00 1.159999999999999920e+00
1.482156999999999947e+00 1.159999999999999920e+00
1.478180000000000049e+00 1.159999999999999920e+00
1.478561999999999932e+00 1.159999999999999920e+00
1.487724999999999964e+00 1.159999999999999920e+00
1.455824999999999925e+00 1.159999999999999920e+00
1.469972000000000056e+00 1.159999999999999920e+00
1.482018000000000058e+00 1.159999999999999920e+00
1.475359000000000087e+00 1.159999999999999920e+00
1.458417000000000074e+00 1.159999999999999920e+00
1.478744000000000058e+00 1.159999999999999920e+00
1.464477999999999946e+00 1.159999999999999920e+00
1.482064999999999966e+00 1.159999999999999920e+00
1.463009999999999922e+00 1.159999999999999920e+00
1.453583000000000069e+00 1.159999999999999920e+00
1.475638999999999923e+00 1.159999999999999920e+00
1.479449999999999932e+00 1.159999999999999920e+00
1.454331999999999958e+00 1.159999999999999920e+00
1.476922000000000068e+00 1.159999999999999920e+00
1.459162999999999988e+00 1.159999999999999920e+00
1.487163999999999930e+00 1.159999999999999920e+00
1.483614999999999906e+00 1.159999999999999920e+00
1.476685000000000025e+00 1.159999999999999920e+00
1.467605000000000048e+00 1.159999999999999920e+00
1.471481000000000039e+00 1.159999999999999920e+00
1.489209000000000005e+00 1.159999999999999920e+00
1.473230000000000040e+00 1.159999999999999920e+00
1.472661999999999916e+00 1.159999999999999920e+00
1.451967000000000008e+00 1.159999999999999920e+00
1.466005999999999920e+00 1.159999999999999920e+00
1.457908999999999899e+00 1.159999999999999920e+00
1.457492000000000010e+00 1.159999999999999920e+00
1.487351000000000090e+00 1.159999999999999920e+00
1.478188999999999975e+00 1.159999999999999920e+00
1.486437999999999926e+00 1.159999999999999920e+00
1.467033999999999949e+00 1.159999999999999920e+00
1.465260000000000007e+00 1.159999999999999920e+00
1.471443999999999974e+00 1.159999999999999920e+00
1.488660000000000094e+00 1.159999999999999920e+00
1.488796000000000008e+00 1.159999999999999920e+00
1.469235999999999986e+00 1.159999999999999920e+00
1.477973999999999899e+00 1.159999999999999920e+00
1.486104000000000092e+00 1.159999999999999920e+00
1.461724000000000023e+00 1.159999999999999920e+00
1.485395999999999939e+00 1.159999999999999920e+00
1.454779000000000044e+00 1.159999999999999920e+00
1.488420999999999994e+00 1.159999999999999920e+00
1.475670000000000037e+00 1.159999999999999920e+00
1.451861000000000068e+00 1.159999999999999920e+00
1.483449000000000018e+00 1.159999999999999920e+00
1.483762999999999943e+00 1.159999999999999920e+00
1.472771999999999970e+00 1.159999999999999920e+00
1.471414000000000000e+00 1.159999999999999920e+00
1.475041000000000047e+00 1.159999999999999920e+00
1.476682000000000050e+00 1.159999999999999920e+00
1.488809000000000049e+00 1.159999999999999920e+00
1.458939999999999904e+00 1.159999999999999920e+00
1.489808999999999939e+00 1.159999999999999920e+00
1.464981000000000089e+00 1.159999999999999920e+00
1.455359999999999987e+00 1.159999999999999920e+00
1.458390000000000075e+00 1.159999999999999920e+00
1.456431000000000031e+00 1.159999999999999920e+00
1.476293000000000077e+00 1.159999999999999920e+00
1.478391999999999928e+00 1.159999999999999920e+00
1.481772000000000089e+00 1.159999999999999920e+00
1.486361000000000043e+00 1.159999999999999920e+00
1.468752000000000058e+00 1.159999999999999920e+00
1.471583000000000085e+00 1.159999999999999920e+00
1.477255999999999903e+00 1.159999999999999920e+00
1.462591999999999892e+00 1.159999999999999920e+00
1.469014000000000042e+00 1.159999999999999920e+00
1.477330000000000032e+00 1.159999999999999920e+00
1.470982999999999929e+00 1.159999999999999920e+00
1.482610999999999901e+00 1.159999999999999920e+00
1.480699999999999905e+00 1.159999999999999920e+00
1.458101000000000091e+00 1.159999999999999920e+00
1.480169999999999986e+00 1.159999999999999920e+00
1.475330000000000030e+00 1.159999999999999920e+00
1.460048999999999930e+00 1.159999999999999920e+00
1.473028999999999922e+00 1.159999999999999920e+00
1.464958999999999900e+00 1.159999999999999920e+00
1.458296999999999954e+00 1.159999999999999920e+00
1.481230000000000047e+00 1.159999999999999920e+00
1.455562999999999940e+00 1.159999999999999920e+00
1.489022000000000068e+00 1.159999999999999920e+00
1.452736999999999945e+00 1.159999999999999920e+00
1.466923999999999895e+00 1.159999999999999920e+00
1.489217000000000013e+00 1.159999999999999920e+00
1.467538999999999927e+00 1.159999999999999920e+00
1.460161000000000042e+00 1.159999999999999920e+00
1.471065999999999985e+00 1.159999999999999920e+00
