1.0172999999999999 0.0
1.01932 1.05
1.01932 1.0625
1.01932 1.075
1.01932 1.07830632
1.01932 1.08334881
1.01932 1.08811734
1.01932 1.09261289
1.01932 1.09683837
1.01932 1.10079505
1.01932 1.10448308
1.01932 1.10790305
1.01932 1.11105501
1.01932 1.11393902
1.01920574 1.11658479
1.01878371 1.11904023
1.01841037 1.12121238
1.01808539 1.1231032
1.01780851 1.12471414
1.01758049 1.12604079
1.01732455 1.12752988
1.01704642 1.12914809
1.01674533 1.13089926
1.01642128 1.13278328
1.01607435 1.13480026
1.01570469 1.13694948
1.01531221 1.13923133
1.01489683 1.14164633
1.01445855 1.1441945
1.01399711 1.14687593
1.01351264 1.1496906
1.0130052 1.15263876
1.01247487 1.15571993
1.01192177 1.15893335
1.01134563 1.16228062
1.00225 1.21239
1.0264000000000002 1.21239
1.03497 1.16392
1.03843 1.1623599999999998
1.06122 1.16356
1.09895 1.1659000000000002
1.1381400000000002 1.16824
1.16192 1.17446
1.19008 1.18699
1.2101300000000001 1.2018499999999999
1.23082 1.22499
1.23939 1.2386400000000002
1.26108 1.2863399999999998
1.28076 1.33403
1.28076 1.34811
1.33062 1.34811
1.41948 1.34749
1.41948 1.3103699999999998
1.37993 1.3109300000000002
1.37411 1.30689
1.36741 1.26409
1.36789 1.22647
1.3723299999999998 1.19476
1.39154551 1.1642631
1.40140778 1.16354941
1.41216834 1.16462479
1.42784988 1.17266661
1.44008196 1.17893947
1.45183591 1.18645232
1.46527409 1.19854668
1.47593813 1.20814432
1.48487847 1.21619062
1.49257319 1.22311587
1.49932084 1.22918876
1.50152783 1.22701281
1.50128264 1.2260989193333334
1.5010374499999999 1.2251850286666666
1.5007922599999999 1.224271138
1.5005470699999999 1.2233572473333334
1.5003018799999999 1.2224433566666666
1.5000566899999999 1.221529466
1.4998114999999999 1.2206155753333334
1.49956631 1.2197016846666666
1.49932112 1.218787794
1.49907593 1.2178739033333335
1.49883074 1.2169600126666666
1.49858555 1.216046122
1.49834036 1.2151322313333335
1.49809517 1.2142183406666667
1.49784998 1.21330445
1.4978062325000001 1.2124486862500001
1.497762485 1.2115929225
1.4977187375 1.21073715875
1.4976749900000002 1.209881395
1.4976312425 1.20902563125
1.497587495 1.2081698675
1.4975437475 1.20731410375
1.4975 1.20645834
1.4975507866666666 1.205585895
1.4976015733333334 1.20471345
1.49765236 1.2038410050000001
1.4977031466666666 1.20296856
1.4977539333333334 1.202096115
1.49780472 1.20122367
1.497903424 1.20032436
1.498002128 1.19942505
1.498100832 1.19852574
1.498199536 1.1976264300000001
1.49829824 1.19672712
1.498388458 1.195905138
1.498478676 1.1950831560000001
1.4985688940000002 1.194261174
1.4986591120000001 1.193439192
1.49874933 1.19261721
1.4988427450000001 1.1917661016666667
1.49893616 1.1909149933333334
1.499029575 1.190063885
1.49912299 1.1892127766666667
1.4992164049999999 1.1883616683333333
1.49930982 1.18751056
1.4994074742857142 1.1866208171428572
1.4995051285714285 1.1857310742857143
1.4996027828571428 1.1848413314285715
1.499700437142857 1.1839515885714285
1.4997980914285713 1.1830618457142856
1.4998957457142856 1.1821721028571428
1.4999934 1.18128236
1.5000963125 1.18034471125
1.5001992249999998 1.1794070625
1.5003021374999999 1.17846941375
1.50040505 1.177531765
1.5005079625 1.17659411625
1.500610875 1.1756564675
1.5007137874999998 1.17471881875
1.5008167 1.17378117
1.5009149599999998 1.172885915
1.50101322 1.17199066
1.50111148 1.171095405
1.50120974 1.17020015
1.5013079999999999 1.169304895
1.50140626 1.16840964
1.5015045200000001 1.167514385
1.50160278 1.16661913
1.50170104 1.165723875
1.5017993 1.16482862
1.50158960075 1.16384331
1.5013799015 1.162858
1.50117020225 1.16187269
1.500960503 1.16088738
1.5007508037500001 1.15990207
1.5005411045000001 1.1589167599999999
1.50033140525 1.15793145
1.500121706 1.15694614
1.49991200675 1.15596083
1.4997023075 1.15497552
1.49949260825 1.15399021
1.4992829090000002 1.1530049
1.4990732097500001 1.1520195899999999
1.4988635105 1.15103428
1.49865381125 1.15004897
1.498444112 1.14906366
1.49823441275 1.14807835
1.4980247135 1.14709304
1.49781501425 1.14610773
1.497605315 1.1451224199999999
1.4973956157500001 1.14413711
1.4971859165 1.1431518
1.49697621725 1.14216649
1.496766518 1.14118118
1.49655681875 1.14019587
1.4963471195 1.13921056
1.49613742025 1.13822525
1.4959277210000002 1.13723994
1.4957180217500001 1.13625463
1.4955083225 1.13526932
1.49529862325 1.13428401
1.495088924 1.1332986999999999
1.49487922475 1.13231339
1.4946695255 1.13132808
1.49445982625 1.13034277
1.494250127 1.12935746
1.4940404277500001 1.12837215
1.4938307285 1.12738684
1.49362102925 1.1264015299999999
1.49341133 1.12541622
1.49725698 1.11581847
1.5031077 1.11026009
1.51042309 1.10875041
1.51808973 1.10716824
1.5261 1.10551515
1.53445599 1.10401506
1.54305591 1.10262339
1.5518711 1.10119689
1.56088566 1.09973812
1.60203 1.0930799999999998
1.64134 1.07021
1.6468699999999998 1.07846
1.7834 1.07209
2.04518 1.0390899999999998
2.0560500000000004 1.04322
2.10643 0.99973
2.08569 0.869266
2.22221 0.519112
2.24295 0.44863099999999995
2.30183 0.280677
2.31151 0.27968
2.33364 0.21933000000000002
2.3401199999999998 0.21987299999999999
2.34645 0.198669
2.3482800000000004 0.0632879
2.3510999999999997 0.0420837
2.3482800000000004 -0.254776
2.34645 -0.272718
2.34462 -0.41081799999999996
2.3510999999999997 -0.420604
2.2398000000000002 -0.684298
2.22333 -0.684298
2.21052 -0.714202
2.21318 -0.732687
2.2066999999999997 -0.753892
2.20021 -0.73595
2.18756 -0.7712899999999999
2.19388 -0.7897759999999999
2.13233 -0.9458179999999999
1.7839500000000001 -1.1589500000000001
1.74519 -1.23996
1.74687 -1.24048
1.74579 -1.2438
1.6452 -1.2448
1.40117 -1.24477
1.3855899999999999 -1.24821
1.3749 -1.25833
1.36954 -1.2694100000000001
1.36824 -1.27555
1.3685999999999998 -1.32247
1.37256 -1.3247
1.4277 -1.3247
1.4277 -1.35782
1.1645 -1.35894
1.01627 -1.218
1.0175 -1.217
1.0172999999999999 -0.001
1.0172999999999999 0.0
