-0.030342185690309564
-0.029395975202774986
-0.028449764715240407
-0.02750355422770583
-0.02655734374017125
-0.025611133252636673
-0.024664922765102095
-0.023718712277567517
-0.02277250179003294
-0.02182629130249836
-0.020880080814963783
-0.019933870327429208
-0.01898765983989463
-0.018041449352360052
-0.017095238864825474
-0.016193693006862256
-0.015336811778470398
-0.01447993055007854
-0.013623049321686682
-0.012766168093294825
-0.011909286864902967
-0.011052405636511109
-0.010195524408119251
-0.009330122822114605
-0.008456200878497168
-0.007582278934879733
-0.0067083569912622975
-0.005834435047644861
-0.004960513104027425
-0.004071196918996837
-0.003166486492553095
-0.0022617760661093537
-0.0013570656396656121
-0.0004523552132218707
0.0004134590958752702
0.0012403772876258107
0.0020672954793763514
0.0028942136711268916
0.0037211318628774318
0.00456270068688746
0.005418920143156977
0.006275139599426494
0.007131359055696011
0.007987578511965528
0.008843797968235045
0.009719450630442923
0.010614536498589162
0.011509622366735403
0.012404708234881642
0.013299794103027882
0.01419487997117412
0.01508996583932036
0.016009148509058532
0.01695242798038863
0.017895707451718736
0.018838986923048834
0.01978226639437894
0.020725545865709044
0.021668825337039142
0.022612104808369247
0.023534060139651695
0.024434691330886497
0.025335322522121295
0.026235953713356096
0.027136584904590894
0.028037216095825695
0.028937847287060493
0.029838478478295294
0.03073910966953009
0.03163974086076489
0.03259374524212964
0.033601122813624346
0.03460850038511905
0.03561587795661375
0.03662325552810845
0.037630633099603156
0.03863801067109786
0.039645388242592554
0.040652765814087256
0.04166014338558196
0.04266752095707666
0.043674898528571364
0.044682276100066066
0.04568965367156077
0.04669703124305547
0.047704408814550174
0.04871178638604488
0.04971916395753958
0.05072654152903428
0.051733919100528984
0.05274129667202369
0.05374867424351839
0.05475605181501309
0.055763429386507794
0.0567708069580025
0.0577781845294972
0.0587855621009919
0.0597929396724866
0.0608003172439813
0.061807694815476
0.0628150723869707
0.06382244995846541
0.06482982752996011
0.06583720510145481
0.06684458267294952
0.06785196024444422
0.06885933781593892
0.06986671538743362
0.07087409295892833
0.07188147053042303
