1.0172999999999999 0.0
1.01932 1.05
1.01932 1.0625
1.01932 1.06416788
1.01932 1.06951245
1.01932 1.07455593
1.01932 1.07930119
1.01932 1.0837549
1.01932 1.08792004
1.01932 1.09179449
1.01932 1.09538445
1.01932 1.09868976
1.01932 1.10171145
1.01932 1.10445075
1.01932 1.10690887
1.01932 1.10908414
1.01932 1.11097989
1.01932 1.11259589
1.01932 1.11392464
1.01932 1.11555529
1.01906656 1.11739458
1.01872143 1.11940256
1.0183506 1.12156014
1.01795361 1.12386992
1.01753095 1.12632902
1.01708266 1.12893726
1.01660827 1.13169613
1.01610866 1.13460081
1.01558331 1.13765518
1.01503313 1.14085391
1.01445728 1.14420187
1.01385631 1.14769396
1.01322993 1.15133312
1.01257864 1.15511703
1.01127 1.16272
1.00225 1.21239
1.0264000000000002 1.21239
1.03497 1.16392
1.03843 1.1623599999999998
1.06122 1.16356
1.09895 1.1659000000000002
1.1381400000000002 1.16824
1.16192 1.17446
1.19008 1.18699
1.2101300000000001 1.2018499999999999
1.23082 1.22499
1.23939 1.2386400000000002
1.26108 1.2863399999999998
1.28076 1.33403
1.28076 1.34811
1.33062 1.34811
1.41948 1.34749
1.41948 1.3103699999999998
1.37993 1.3109300000000002
1.37411 1.30689
1.36741 1.26409
1.36789 1.22647
1.3723299999999998 1.19476
1.38430504 1.17221743
1.38777919 1.16567748
1.39591757 1.16394671
1.40446553 1.16332814
1.41506069 1.16610805
1.42699546 1.17222844
1.43699068 1.17735419
1.44559678 1.18176758
1.45549494 1.18974545
1.46465079 1.19798571
1.47243022 1.2049872
1.47918732 1.21106858
1.48511653 1.21640488
1.49034475 1.22111028
1.49495185 1.22525667
1.49905286 1.22894757
1.50230407 1.23187366
1.5020768216666667 1.2308626791666666
1.5018495733333335 1.2298516983333334
1.501622325 1.2288407175
1.5013950766666668 1.2278297366666666
1.5011678283333334 1.2268187558333334
1.50094058 1.225807775
1.5007133316666668 1.2247967941666666
1.5004860833333333 1.2237858133333335
1.5002588350000001 1.2227748325
1.5000315866666667 1.2217638516666667
1.4998043383333335 1.2207528708333335
1.49957709 1.21974189
1.4993882636363638 1.218647499090909
1.4991994372727273 1.2175531081818183
1.499010610909091 1.2164587172727273
1.4988217845454546 1.2153643263636364
1.4986329581818183 1.2142699354545454
1.4984441318181818 1.2131755445454546
1.4982553054545455 1.2120811536363636
1.498066479090909 1.2109867627272728
1.4978776527272728 1.2098923718181818
1.4976888263636363 1.208797980909091
1.4975 1.20770359
1.4975591171428573 1.2066358771428571
1.4976182342857143 1.2055681642857141
1.4976773514285715 1.2045004514285713
1.4977364685714285 1.2034327385714285
1.4977955857142857 1.2023650257142857
1.4978547028571427 1.2012973128571427
1.49791382 1.2002296
1.49802230125 1.19924122
1.4981307825 1.1982528399999999
1.49823926375 1.19726446
1.498347745 1.19627608
1.49845622625 1.1952877
1.4985647075 1.19429932
1.49867318875 1.19331094
1.49878167 1.19232256
1.4988947977777778 1.1912918433333333
1.4990079255555555 1.1902611266666667
1.4991210533333335 1.18923041
1.4992341811111112 1.1881996933333334
1.499347308888889 1.1871689766666667
1.4994604366666666 1.18613826
1.4995735644444446 1.1851075433333333
1.4996866922222223 1.1840768266666668
1.49979982 1.18304611
1.499919936 1.1819517130000001
1.500040052 1.180857316
1.500160168 1.179762919
1.500280284 1.178668522
1.5004004 1.177574125
1.500520516 1.1764797280000001
1.5006406319999999 1.175385331
1.500760748 1.174290934
1.500880864 1.173196537
1.50100098 1.17210214
1.5008430103333332 1.170961742
1.5006850406666665 1.169821344
1.500527071 1.168680946
1.5003691013333333 1.167540548
1.5002111316666666 1.16640015
1.500053162 1.165259752
1.4998951923333332 1.164119354
1.4997372226666665 1.162978956
1.4995792529999998 1.161838558
1.4994212833333334 1.16069816
1.4992633136666667 1.159557762
1.499105344 1.158417364
1.4989473743333332 1.157276966
1.4987894046666665 1.156136568
1.498631435 1.15499617
1.4984734653333334 1.153855772
1.4983154956666667 1.152715374
1.498157526 1.151574976
1.4979995563333333 1.150434578
1.4978415866666666 1.14929418
1.4976836169999999 1.148153782
1.4975256473333334 1.147013384
1.4973676776666667 1.1458729859999999
1.497209708 1.1447325879999999
1.4970517383333333 1.14359219
1.4968937686666666 1.142451792
1.496735799 1.141311394
1.4965778293333334 1.140170996
1.4964198596666667 1.139030598
1.49626189 1.1378902
1.4963336415 1.136745999
1.496405393 1.135601798
1.4964771445 1.134457597
1.496548896 1.133313396
1.4966206475 1.132169195
1.496692399 1.131024994
1.4967641505 1.1298807929999999
1.496835902 1.1287365919999999
1.4969076535 1.1275923909999999
1.496979405 1.12644819
1.4970511565 1.125303989
1.4971229080000001 1.124159788
1.4971946595 1.123015587
1.497266411 1.121871386
1.4973381625000002 1.120727185
1.4974099140000001 1.119582984
1.4974816655 1.118438783
1.497553417 1.117294582
1.4976251685000002 1.116150381
1.49769692 1.11500618
1.5044021 1.10999296
1.51213995 1.1083961
1.5201967 1.10673342
1.52855946 1.10500759
1.53722049 1.1035677
1.54607835 1.10213429
1.60203 1.0930799999999998
1.64134 1.07021
1.6468699999999998 1.07846
1.7834 1.07209
2.04518 1.0390899999999998
2.0560500000000004 1.04322
2.10643 0.99973
2.08569 0.869266
2.22221 0.519112
2.24295 0.44863099999999995
2.30183 0.280677
2.31151 0.27968
2.33364 0.21933000000000002
2.3401199999999998 0.21987299999999999
2.34645 0.198669
2.3482800000000004 0.0632879
2.3510999999999997 0.0420837
2.3482800000000004 -0.254776
2.34645 -0.272718
2.34462 -0.41081799999999996
2.3510999999999997 -0.420604
2.2398000000000002 -0.684298
2.22333 -0.684298
2.21052 -0.714202
2.21318 -0.732687
2.2066999999999997 -0.753892
2.20021 -0.73595
2.18756 -0.7712899999999999
2.19388 -0.7897759999999999
2.13233 -0.9458179999999999
1.7839500000000001 -1.1589500000000001
1.74519 -1.23996
1.74687 -1.24048
1.74579 -1.2438
1.6452 -1.2448
1.40117 -1.24477
1.3855899999999999 -1.24821
1.3749 -1.25833
1.36954 -1.2694100000000001
1.36824 -1.27555
1.3685999999999998 -1.32247
1.37256 -1.3247
1.4277 -1.3247
1.4277 -1.35782
1.1645 -1.35894
1.01627 -1.218
1.0175 -1.217
1.0172999999999999 -0.001
1.0172999999999999 0.0
