1029.0 1217.0
1001.0 1217.0
1001.0 1217.0
1016.0 1138.0
1016.0 1138.0
1016.005 1106.873
1016.005 1106.873
1015.996 1014.986
1015.996 1014.986
1015.997 791.0023
1015.997 791.0023
1016.0 279.0
1016.0 279.0
1016.0 53.0
1016.0 53.0
1016.0 -1004.3
1016.0 -1004.3
1016.0 -1223.0
1016.0 -1223.0
1153.0 -1363.0
1153.0 -1363.0
1223.71 -1363.04
1223.71 -1363.04
1420.0 -1363.0
1420.0 -1363.0
1420.0 -1329.0
1420.0 -1329.0
1372.0 -1329.0
1372.0 -1329.0
1372.0 -1250.0
1372.0 -1250.0
1570.0 -1250.0
1570.0 -1250.0
1768.0 -1250.0
1768.0 -1250.0
1768.0 -1211.0
1768.0 -1211.0
1786.0 -1174.0
1786.0 -1174.0
2134.0 -973.0
2134.0 -973.0
2377.0 -389.0
2377.0 -389.0
2353.0 -400.0
2353.0 -400.0
2352.0 400.0
2352.0 400.0
2377.0 389.0
2377.0 389.0
2128.0 993.0
2128.0 993.0
2070.0 1040.0
2070.0 1040.0
1785.0 1077.0
1785.0 1077.0
1647.0 1077.0
1647.0 1077.0
1603.92 1090.14
1603.92 1090.14
1521.052 1110.1
1521.052 1110.1
1501.146 1118.235
1501.146 1118.235
1498.951 1119.551
1498.951 1119.551
1497.085 1121.527
1497.085 1121.527
1496.207 1125.258
1496.207 1125.258
1500.9 1163.55
1500.9 1163.55
1496.55 1205.91
1496.55 1205.91
1496.71 1214.05
1496.71 1214.05
1503.02 1236.91
1503.02 1236.91
1465.32 1207.08
1465.32 1207.08
1438.66 1185.97
1438.66 1185.97
1417.78 1169.45
1417.78 1169.45
1411.751 1166.219
1411.751 1166.219
1402.247 1163.672
1402.247 1163.672
1395.745 1164.818
1395.745 1164.818
1389.92 1168.21
1389.92 1168.21
1377.59 1200.78
1377.59 1200.78
1372.47 1233.77
1372.47 1233.77
1372.08 1267.29
1372.08 1267.29
1378.83 1310.0
1378.83 1310.0
1419.0 1310.0
1419.0 1310.0
1419.0 1348.0
1419.0 1348.0
1280.0 1347.0
1280.0 1347.0
1280.0 1331.0
1280.0 1331.0
1239.0 1238.0
1239.0 1238.0
1209.0 1202.0
1209.0 1202.0
1181.0 1183.0
1181.0 1183.0
1116.0 1165.91
1116.0 1165.91
1042.0 1162.4
1042.0 1162.4
1029.0 1217.0
1029.0 1217.0
