0.004892159656484889
0.005928366223907679
0.006964572791330469
0.008000779358753258
0.009036985926176048
0.010073192493598837
0.011109399061021626
0.012145605628444417
0.013181812195867205
0.014218018763289994
0.015254225330712785
0.016290431898135574
0.017363815934598445
0.0184743774401014
0.01958493894560436
0.020695500451107317
0.021806061956610272
0.022916623462113227
0.02402718496761618
0.025137746473119137
0.0262483079786221
0.027358869484125053
0.02846943098962801
0.029559385844493982
0.03062873404872297
0.03169808225295196
0.03276743045718095
0.033836778661409946
0.03490612686563893
0.035975475069867924
0.03700730689494404
0.03800162234086728
0.038995937786790516
0.03999025323271376
0.040984568678637
0.041978884124560245
0.042973199570483483
0.04396751501640672
0.04498312590529786
0.04602003223715691
0.04705693856901595
0.048093844900874996
0.04913075123273404
0.050167657564593085
0.05120456389645213
0.052241470228311174
0.05327837656017022
0.05434731420523267
0.05544828316349852
0.056549252121764385
0.057650221080030234
0.0587511900382961
0.05985215899656195
0.06095312795482781
0.06205409691309366
0.06315506587135952
0.06425603482962537
0.06538216286470043
0.06653344997658468
0.06768473708846894
0.06883602420035319
0.06998731131223744
0.0711385984241217
0.07228988553600595
0.0734411726478902
0.07459245975977445
0.07574374687165869
0.07689503398354294
0.0780463210954272
0.07919760820731145
0.0803488953191957
0.08150018243107995
0.0826514695429642
0.08380275665484846
0.08495404376673271
0.08610533087861696
0.08725661799050122
0.08840790510238547
0.08955919221426972
0.09071047932615396
0.09186176643803821
0.09301305354992247
0.09416434066180672
0.09531562777369097
0.09646691488557523
0.09761820199745948
0.09876948910934373
0.09991835692466286
0.10106480544341687
0.10221125396217087
0.10335770248092488
0.10450415099967889
0.10565059951843289
0.10679704803718688
0.10794349655594089
0.1090899450746949
0.1102363935934489
0.11138284211220291
0.11252929063095692
0.11367573914971092
0.11482218766846493
0.11596863618721892
0.11711508470597293
0.11826153322472693
0.11940798174348094
0.12055443026223495
0.12170087878098895
