1.502698502499999922e+00
1.502485764999999862e+00
1.502273027500000024e+00
1.502060289999999965e+00
1.501818505999999998e+00
1.501576722000000030e+00
1.501334937999999841e+00
1.501093153999999874e+00
1.500851369999999907e+00
1.500609929999999981e+00
1.500368489999999833e+00
1.500127049999999906e+00
1.499885609999999980e+00
1.499644169999999832e+00
1.499402729999999906e+00
1.499148304285714106e+00
1.498893878571428528e+00
1.498639452857142729e+00
1.498385027142857151e+00
1.498130601428571351e+00
1.497876175714285774e+00
1.497621749999999974e+00
1.497462630000000017e+00
1.497303510000000060e+00
1.497144389999999881e+00
1.496985269999999923e+00
1.496826149999999966e+00
1.496667030000000009e+00
1.496649233999999939e+00
1.496631438000000092e+00
1.496613642000000022e+00
1.496595846000000174e+00
1.496578050000000104e+00
1.496637066000000127e+00
1.496696082000000150e+00
1.496755097999999951e+00
1.496814113999999973e+00
1.496873129999999996e+00
1.496976348000000012e+00
1.497079566000000028e+00
1.497182784000000044e+00
1.497286002000000060e+00
1.497389220000000076e+00
1.497490151666666769e+00
1.497591083333333462e+00
1.497692015000000154e+00
1.497792946666666625e+00
1.497893878333333317e+00
1.497994810000000010e+00
1.498096772857142822e+00
1.498198735714285634e+00
1.498300698571428446e+00
1.498402661428571481e+00
1.498504624285714293e+00
1.498606587142857105e+00
1.498708549999999917e+00
1.498813964999999859e+00
1.498919379999999801e+00
1.499024794999999965e+00
1.499130209999999908e+00
1.499235624999999850e+00
1.499341040000000014e+00
1.499446454999999956e+00
1.499551869999999898e+00
1.499663791111111033e+00
1.499775712222222168e+00
1.499887633333333303e+00
1.499999554444444438e+00
1.500111475555555351e+00
1.500223396666666487e+00
1.500335317777777622e+00
1.500447238888888757e+00
1.500559159999999892e+00
1.500465032631578932e+00
1.500370905263157750e+00
1.500276777894736790e+00
1.500182650526315831e+00
1.500088523157894649e+00
1.499994395789473689e+00
1.499900268421052507e+00
1.499806141052631547e+00
1.499712013684210588e+00
1.499617886315789406e+00
1.499523758947368446e+00
1.499429631578947486e+00
1.499335504210526304e+00
1.499241376842105344e+00
1.499147249473684163e+00
1.499053122105263203e+00
1.498958994736842243e+00
1.498864867368421061e+00
1.498770740000000101e+00
1.498734474347826140e+00
1.498698208695652179e+00
1.498661943043478439e+00
1.498625677391304478e+00
1.498589411739130517e+00
1.498553146086956556e+00
1.498516880434782816e+00
1.498480614782608855e+00
1.498444349130434894e+00
1.498408083478260933e+00
1.498371817826086971e+00
1.498335552173913232e+00
1.498299286521739271e+00
1.498263020869565310e+00
1.498226755217391348e+00
1.498190489565217387e+00
1.498154223913043648e+00
1.498117958260869687e+00
1.498081692608695725e+00
1.498045426956521764e+00
1.498009161304348025e+00
1.497972895652174063e+00