4.345143665813914298e-04
1.303543099744147293e-03
2.172571832906903047e-03
3.061429920572927843e-03
3.970117362742195226e-03
4.878804804911384546e-03
5.787492247080573866e-03
6.696179689249840382e-03
7.604219699608151528e-03
8.511612278155429243e-03
9.419004856702706957e-03
1.032639743525006273e-02
1.123379001379734045e-02
1.214118259234461816e-02
1.307298099873117903e-02
1.402918523295680793e-02
1.498538946718243683e-02
1.594159370140806747e-02
1.689779793563369464e-02
1.785400216985932181e-02
1.881020640408495245e-02
1.975255657773652973e-02
2.068105269081402242e-02
2.160954880389153593e-02
2.253804491696893841e-02
2.346654103004643457e-02
2.439503714312393073e-02
2.531230459331808638e-02
2.621834338062912356e-02
2.712438216794016421e-02
2.803042095525120486e-02
2.893645974256224204e-02
2.984758347746873514e-02
3.076379215997068761e-02
3.168000084247262621e-02
3.259620952497456481e-02
3.351241820747652422e-02
3.447572651506393415e-02
3.548613444773669745e-02
3.649654238040946075e-02
3.750695031308222405e-02
3.851735824575498734e-02
3.951658326192470511e-02
4.050462536159148141e-02
4.149266746125826466e-02
4.248070956092492301e-02
4.346875166059169238e-02
4.445679376025846868e-02
4.544988487374131136e-02
4.644802500104033838e-02
4.744616512833935151e-02
4.844430525563838547e-02
4.944244538293741942e-02
5.044058551023643255e-02
5.143872563753545957e-02
5.245375988674563783e-02
5.348568825786687020e-02
5.451761662898812338e-02
5.554954500010937657e-02
5.658147337123060894e-02
5.761340174235196621e-02
5.864533011347321245e-02
5.967725848459445176e-02
6.074103122688839784e-02
6.183664834035504376e-02
6.293226545382170356e-02
6.402788256728834948e-02
6.512349968075498152e-02
6.621911679422162744e-02
6.731473390768827336e-02
6.841035102115493316e-02
6.950596813462159296e-02
7.060035826121023594e-02
7.169352140092100090e-02
7.278668454063164095e-02
7.387984768034228100e-02
7.497301082005303208e-02
7.606617395976379703e-02
7.715933709947456198e-02
7.825250023918520204e-02
7.934566337889584209e-02
8.043882651860659316e-02
8.153198965831735812e-02
8.262515279802799817e-02
8.371831593773865210e-02
8.481147907744940317e-02
8.590464221716015425e-02
8.699780535687091920e-02
8.809096849658155925e-02
8.918413163629221319e-02
9.027729477600296426e-02
9.137963375832772184e-02
9.249114858326645816e-02
9.360266340820520836e-02
9.471417823314395856e-02
9.582569305808269489e-02
9.693720788302145897e-02
9.804872270796019529e-02
9.916023753289893161e-02
1.002717523578376957e-01
1.013832671827764320e-01
1.024947820077151961e-01
1.036062968326539324e-01
1.047178116575926687e-01
1.058293264825314328e-01
1.069408413074701691e-01
1.080523561324089332e-01
1.091638709573476695e-01
1.102753857822864059e-01
1.113869006072251699e-01
1.124984154321639063e-01
1.136099302571026565e-01
1.147214450820414067e-01
1.158329599069801430e-01
