1.235960892500000075e+00
1.235118305000000083e+00
1.234275717500000091e+00
1.233433130000000100e+00
1.232557200000000019e+00
1.231681269999999939e+00
1.230805340000000081e+00
1.229929410000000001e+00
1.229053479999999920e+00
1.228178798333333210e+00
1.227304116666666722e+00
1.226429435000000012e+00
1.225554753333333302e+00
1.224680071666666814e+00
1.223805390000000104e+00
1.222883655714285700e+00
1.221961921428571518e+00
1.221040187142857114e+00
1.220118452857142932e+00
1.219196718571428528e+00
1.218274984285714346e+00
1.217353249999999942e+00
1.216438490000000039e+00
1.215523729999999913e+00
1.214608970000000010e+00
1.213694210000000107e+00
1.212779449999999981e+00
1.211864690000000078e+00
1.210958826000000155e+00
1.210052962000000010e+00
1.209147098000000087e+00
1.208241233999999942e+00
1.207335370000000019e+00
1.206421063999999932e+00
1.205506758000000067e+00
1.204592451999999980e+00
1.203678146000000115e+00
1.202763840000000028e+00
1.201758718000000004e+00
1.200753595999999979e+00
1.199748473999999954e+00
1.198743351999999929e+00
1.197738229999999904e+00
1.196755356666666659e+00
1.195772483333333192e+00
1.194789609999999946e+00
1.193806736666666701e+00
1.192823863333333234e+00
1.191840989999999989e+00
1.190848071428571409e+00
1.189855152857142828e+00
1.188862234285714248e+00
1.187869315714285667e+00
1.186876397142857087e+00
1.185883478571428506e+00
1.184890559999999926e+00
1.183864029999999845e+00
1.182837499999999986e+00
1.181810969999999905e+00
1.180784440000000046e+00
1.179757909999999965e+00
1.178731379999999884e+00
1.177704850000000025e+00
1.176678319999999944e+00
1.175588434444444497e+00
1.174498548888888827e+00
1.173408663333333379e+00
1.172318777777777710e+00
1.171228892222222262e+00
1.170139006666666592e+00
1.169049121111111145e+00
1.167959235555555475e+00
1.166869350000000027e+00
1.165780246842105239e+00
1.164691143684210450e+00
1.163602040526315884e+00
1.162512937368421095e+00
1.161423834210526307e+00
1.160334731052631518e+00
1.159245627894736730e+00
1.158156524736842163e+00
1.157067421578947375e+00
1.155978318421052586e+00
1.154889215263157798e+00
1.153800112105263231e+00
1.152711008947368443e+00
1.151621905789473654e+00
1.150532802631578866e+00
1.149443699473684077e+00
1.148354596315789511e+00
1.147265493157894722e+00
1.146176389999999934e+00
1.145065466956521671e+00
1.143954543913043409e+00
1.142843620869565147e+00
1.141732697826086884e+00
1.140621774782608622e+00
1.139510851739130359e+00
1.138399928695652097e+00
1.137289005652173834e+00
1.136178082608695572e+00
1.135067159565217310e+00
1.133956236521739047e+00
1.132845313478260785e+00
1.131734390434782522e+00
1.130623467391304260e+00
1.129512544347825997e+00
1.128401621304347735e+00
1.127290698260869473e+00
1.126179775217391210e+00
1.125068852173912948e+00
1.123957929130434685e+00
1.122847006086956423e+00
1.121736083043478160e+00