1.217000000000000082e+00
1.217000000000000082e+00
1.162400000000000100e+00
1.165910000000000002e+00
1.183000000000000052e+00
1.201999999999999957e+00
1.237999999999999989e+00
1.330999999999999961e+00
1.346999999999999975e+00
1.348000000000000087e+00
1.310000000000000053e+00
1.310000000000000053e+00
1.267290000000000028e+00
1.233770000000000033e+00
1.176346520000000062e+00
1.168264959999999908e+00
1.164577750000000078e+00
1.164272710000000099e+00
1.168422730000000076e+00
1.174594930000000037e+00
1.179629870000000080e+00
1.183845199999999931e+00
1.195332590000000028e+00
1.204698700000000011e+00
1.212338380000000049e+00
1.218698349999999930e+00
1.224018169999999905e+00
1.228458950000000049e+00
1.232093179999999899e+00
1.235074840000000007e+00
1.236803480000000066e+00
1.233433130000000100e+00
1.229053479999999920e+00
1.223805390000000104e+00
1.217353249999999942e+00
1.211864690000000078e+00
1.207335370000000019e+00
1.202763840000000028e+00
1.197738229999999904e+00
1.191840989999999989e+00
1.184890559999999926e+00
1.176678319999999944e+00
1.166869350000000027e+00
1.146176389999999934e+00
1.120625159999999898e+00
1.116872199999999982e+00
1.113875869999999990e+00
1.110649159999999913e+00
1.108356700000000084e+00
1.106168559999999967e+00
1.103866589999999981e+00
1.101463800000000104e+00
1.098959980000000058e+00
1.096359450000000013e+00
1.093673120000000054e+00
1.090140000000000109e+00
1.076999999999999957e+00
1.076999999999999957e+00
1.076999999999999957e+00
1.040000000000000036e+00
9.929999999999999938e-01
3.890000000000000124e-01
4.000000000000000222e-01
-4.000000000000000222e-01
-3.890000000000000124e-01
-9.729999999999999760e-01
-1.173999999999999932e+00
-1.211000000000000076e+00
-1.250000000000000000e+00
-1.250000000000000000e+00
-1.250000000000000000e+00
-1.328999999999999959e+00
-1.328999999999999959e+00
-1.362999999999999989e+00
-1.363040000000000029e+00
-1.362999999999999989e+00
-1.223000000000000087e+00
-1.004299999999999971e+00
5.299999999999999850e-02
2.790000000000000258e-01
7.910022999999999360e-01
9.576512000000000358e-01
1.062891999999999948e+00
1.072641000000000178e+00
1.081409999999999982e+00
1.089261000000000035e+00
1.096252000000000004e+00
1.102436999999999889e+00
1.107863999999999960e+00
1.112580999999999820e+00
1.116642000000000134e+00
1.120090999999999948e+00
1.122980000000000089e+00
1.125357999999999858e+00
1.127281999999999895e+00
1.128800000000000026e+00
1.129963000000000051e+00
1.130827000000000027e+00
1.131443999999999894e+00
1.131869000000000014e+00
1.132152999999999965e+00
1.132349999999999968e+00
1.132512999999999881e+00
1.132667999999999786e+00
1.132867999999999986e+00
1.133119999999999905e+00
1.133431999999999995e+00
1.133807999999999927e+00
1.134257000000000071e+00
1.134782999999999875e+00
1.135393000000000097e+00
1.136094000000000159e+00
1.136892000000000014e+00
1.137795000000000112e+00
1.138837000000000099e+00
1.140006999999999993e+00
1.141303000000000178e+00
1.142730999999999941e+00
1.144299999999999873e+00
1.146017999999999981e+00
1.147886999999999880e+00
1.149913999999999881e+00
1.152112000000000025e+00
1.217000000000000082e+00
