   EFITD   03/25/2017    #176971  3240             3  65  65
  1.70000005e+00  3.20000005e+00  1.69550002e+00  8.39999974e-01  0.00000000e+00
  1.73874903e+00 -8.59493017e-02 -2.48602703e-01  1.49609279e-02 -1.99888229e+00
  9.85997500e+05 -2.48602703e-01  0.00000000e+00  1.73874903e+00  0.00000000e+00
 -8.59493017e-02  0.00000000e+00  1.49609279e-02  0.00000000e+00  0.00000000e+00
 -3.45553875e+00 -3.45162678e+00 -3.44786382e+00 -3.44424748e+00 -3.44077539e+00
 -3.43744469e+00 -3.43425298e+00 -3.43119764e+00 -3.42827582e+00 -3.42548513e+00
 -3.42282271e+00 -3.42028570e+00 -3.41787171e+00 -3.41557765e+00 -3.41340113e+00
 -3.41133881e+00 -3.40938830e+00 -3.40754676e+00 -3.40581107e+00 -3.40417838e+00
 -3.40264606e+00 -3.40121102e+00 -3.39987040e+00 -3.39862108e+00 -3.39746046e+00
 -3.39638543e+00 -3.39539313e+00 -3.39448023e+00 -3.39364409e+00 -3.39288187e+00
 -3.39219022e+00 -3.39156604e+00 -3.39100695e+00 -3.39050913e+00 -3.39007020e+00
 -3.38968706e+00 -3.38935637e+00 -3.38907504e+00 -3.38884068e+00 -3.38864946e+00
 -3.38849902e+00 -3.38838577e+00 -3.38830686e+00 -3.38825941e+00 -3.38824034e+00
 -3.38824630e+00 -3.38827467e+00 -3.38832211e+00 -3.38838553e+00 -3.38846231e+00
 -3.38854885e+00 -3.38864231e+00 -3.38873982e+00 -3.38883805e+00 -3.38893414e+00
 -3.38902497e+00 -3.38910770e+00 -3.38917899e+00 -3.38923597e+00 -3.38927531e+00
 -3.38929439e+00 -3.38928986e+00 -3.38925886e+00 -3.38919830e+00 -3.38910508e+00
  7.03080859e+04  6.88187656e+04  6.73418516e+04  6.58773359e+04  6.44252344e+04
  6.29855312e+04  6.15582344e+04  6.01433438e+04  5.87408594e+04  5.73507773e+04
  5.59731016e+04  5.46078281e+04  5.32549609e+04  5.19145000e+04  5.05864453e+04
  4.92707930e+04  4.79675469e+04  4.66767070e+04  4.53982695e+04  4.41322383e+04
  4.28786133e+04  4.16373906e+04  4.04085742e+04  3.91921641e+04  3.79881562e+04
  3.67965547e+04  3.56173594e+04  3.44505664e+04  3.32961797e+04  3.21541992e+04
  3.10246230e+04  2.99074512e+04  2.88026855e+04  2.77103242e+04  2.66303672e+04
  2.55628164e+04  2.45076699e+04  2.34649277e+04  2.24345918e+04  2.14166602e+04
  2.04111348e+04  1.94180137e+04  1.84372969e+04  1.74689844e+04  1.65130781e+04
  1.55695771e+04  1.46384805e+04  1.37197891e+04  1.28135029e+04  1.19196221e+04
  1.10381455e+04  1.01690742e+04  9.31240723e+03  8.46814551e+03  7.63628955e+03
  6.81683789e+03  6.00979150e+03  5.21515039e+03  4.43291357e+03  3.66308228e+03
  2.90565576e+03  2.16063428e+03  1.42801794e+03  7.07806458e+02  0.00000000e+00
 -3.34564185e+00 -3.21580648e+00 -3.08847857e+00 -2.96365786e+00 -2.84134436e+00
 -2.72153807e+00 -2.60423899e+00 -2.48944736e+00 -2.37716293e+00 -2.26738572e+00
 -2.16011572e+00 -2.05535293e+00 -1.95309758e+00 -1.85334945e+00 -1.75610852e+00
 -1.66137493e+00 -1.56914854e+00 -1.47942936e+00 -1.39221752e+00 -1.30751300e+00
 -1.22531557e+00 -1.14562547e+00 -1.06844270e+00 -9.93767142e-01 -9.21598852e-01
 -8.51937771e-01 -7.84784019e-01 -7.20137477e-01 -6.57998204e-01 -5.98366201e-01
 -5.41241467e-01 -4.86623973e-01 -4.34513777e-01 -3.84910792e-01 -3.37815106e-01
 -2.93226659e-01 -2.51145482e-01 -2.11571544e-01 -1.74504876e-01 -1.39945477e-01
 -1.07893333e-01 -7.83484429e-02 -5.13108224e-02 -2.67804563e-02 -4.75735217e-03
  1.47584928e-02  3.17670777e-02  4.62684035e-02  5.82624674e-02  6.77492768e-02
  7.47288242e-02  7.92011097e-02  8.11661333e-02  8.06238949e-02  7.75744021e-02
  7.20176548e-02  6.39536381e-02  5.33823632e-02  4.03038301e-02  2.47180387e-02
  6.62498502e-03 -1.39753278e-02 -3.70828994e-02 -6.26977310e-02 -9.08198282e-02
 -3.63151500e+05 -3.60139250e+05 -3.57127000e+05 -3.54114750e+05 -3.51102469e+05
 -3.48090219e+05 -3.45077969e+05 -3.42065719e+05 -3.39053469e+05 -3.36041219e+05
 -3.33028969e+05 -3.30016719e+05 -3.27004469e+05 -3.23992219e+05 -3.20979969e+05
 -3.17967719e+05 -3.14955469e+05 -3.11943219e+05 -3.08930969e+05 -3.05918719e+05
 -3.02906469e+05 -2.99894219e+05 -2.96881969e+05 -2.93869719e+05 -2.90857469e+05
 -2.87845219e+05 -2.84832969e+05 -2.81820719e+05 -2.78808469e+05 -2.75796219e+05
 -2.72783969e+05 -2.69771688e+05 -2.66759438e+05 -2.63747188e+05 -2.60734953e+05
 -2.57722703e+05 -2.54710453e+05 -2.51698203e+05 -2.48685938e+05 -2.45673688e+05
 -2.42661438e+05 -2.39649188e+05 -2.36636938e+05 -2.33624688e+05 -2.30612438e+05
 -2.27600188e+05 -2.24587938e+05 -2.21575688e+05 -2.18563438e+05 -2.15551188e+05
 -2.12538938e+05 -2.09526688e+05 -2.06514438e+05 -2.03502172e+05 -2.00489922e+05
 -1.97477672e+05 -1.94465422e+05 -1.91453172e+05 -1.88440922e+05 -1.85428672e+05
 -1.82416422e+05 -1.79404172e+05 -1.76391922e+05 -1.73379672e+05 -1.70367422e+05
  2.72602141e-02  2.45889090e-02  2.17739698e-02  1.88866258e-02  1.61033459e-02
  1.37235187e-02  1.21690612e-02  1.19678788e-02  1.64793618e-02  2.93251239e-02
  4.44958657e-02  6.06124364e-02  7.64124915e-02  8.88278708e-02  9.86627862e-02
  1.06288262e-01  1.11833274e-01  1.15280069e-01  1.16427869e-01  1.14784062e-01
  1.09352037e-01  1.03468828e-01  9.96836126e-02  9.71744880e-02  9.55023691e-02
  9.44174975e-02  9.37607065e-02  9.34152529e-02  9.32783708e-02  9.32506248e-02
  9.37000960e-02  9.47303995e-02  9.62732956e-02  9.83267054e-02  1.00879960e-01
  1.03956074e-01  1.07384376e-01  1.10741206e-01  1.14083529e-01  1.17449738e-01
  1.20866850e-01  1.24353535e-01  1.27920702e-01  1.31571785e-01  1.35303408e-01
  1.39106438e-01  1.42967060e-01  1.46867484e-01  1.50786653e-01  1.54700726e-01
  1.58583656e-01  1.62407666e-01  1.66144043e-01  1.69763923e-01  1.73239112e-01
  1.76543221e-01  1.79652512e-01  1.82546824e-01  1.85210362e-01  1.87632173e-01
  1.89806357e-01  1.91732019e-01  1.93412930e-01  1.94857001e-01  1.96075484e-01
  2.17477381e-02  1.77812725e-02  1.32855345e-02  8.17864947e-03  2.53687869e-03
 -3.29574174e-03 -6.93755364e-03 -4.96960385e-03  3.44334962e-03  1.86823942e-02
  3.46006304e-02  4.94926721e-02  6.31014928e-02  7.45474473e-02  8.39048475e-02
  9.13283080e-02  9.69015360e-02  1.00628495e-01  1.02439724e-01  1.02219142e-01
  1.00000247e-01  9.71372426e-02  9.48603824e-02  9.32131708e-02  9.20926556e-02
  9.13958773e-02  9.10346135e-02  9.09300819e-02  9.10018906e-02  9.11676958e-02
  9.17876661e-02  9.29772407e-02  9.46827531e-02  9.68989804e-02  9.96318161e-02
  1.02918215e-01  1.06581777e-01  1.10223442e-01  1.13895573e-01  1.17632292e-01
  1.21454477e-01  1.25374585e-01  1.29398495e-01  1.33526340e-01  1.37752786e-01
  1.42067418e-01  1.46454871e-01  1.50895149e-01  1.55363858e-01  1.59832478e-01
  1.64268836e-01  1.68637663e-01  1.72901571e-01  1.77022129e-01  1.80961281e-01
  1.84682995e-01  1.88154891e-01  1.91349790e-01  1.94247052e-01  1.96833447e-01
  1.99103475e-01  2.01059178e-01  2.02709481e-01  2.04069093e-01  2.05157131e-01
  1.72717459e-02  1.24104163e-02  6.62581436e-03 -6.44246582e-04 -9.60494392e-03
 -1.46058975e-02 -1.43126920e-02 -8.48652888e-03  3.04553914e-03  1.60625689e-02
  2.85321865e-02  4.00924720e-02  5.05924039e-02  5.98749928e-02  6.78352118e-02
  7.44340420e-02  7.96700418e-02  8.35629776e-02  8.61621276e-02  8.75824168e-02
  8.80595222e-02  8.79543424e-02  8.76283497e-02  8.73212740e-02  8.71526897e-02
  8.71707425e-02  8.73881802e-02  8.78020972e-02  8.84066746e-02  8.92219469e-02
  9.03714374e-02  9.19354632e-02  9.39247385e-02  9.63407978e-02  9.91832465e-02
  1.02439605e-01  1.06009997e-01  1.09756626e-01  1.13650911e-01  1.17690876e-01
  1.21878251e-01  1.26214147e-01  1.30697370e-01  1.35323465e-01  1.40084013e-01
  1.44966125e-01  1.49951980e-01  1.55018345e-01  1.60136357e-01  1.65271267e-01
  1.70382544e-01  1.75424322e-01  1.80346355e-01  1.85095578e-01  1.89618334e-01
  1.93863004e-01  1.97782964e-01  2.01339543e-01  2.04504326e-01  2.07260817e-01
  2.09604979e-01  2.11544693e-01  2.13098317e-01  2.14292452e-01  2.15159416e-01
  1.43176150e-02  9.47860070e-03  3.98480007e-03 -2.63330038e-03 -9.96189751e-03
 -1.16765657e-02 -7.08596967e-03  5.24162548e-04  8.97113886e-03  1.78300515e-02
  2.67075580e-02  3.52855548e-02  4.33295220e-02  5.06713130e-02  5.71962409e-02
  6.28362745e-02  6.75642714e-02  7.13906139e-02  7.43643492e-02  7.65774623e-02
  7.81652629e-02  7.92938396e-02  8.01336020e-02  8.08327198e-02  8.15044269e-02
  8.22287053e-02  8.30609575e-02  8.40422213e-02  8.52089226e-02  8.66009519e-02
  8.82622972e-02  9.02315006e-02  9.25337151e-02  9.51804444e-02  9.81702805e-02
  1.01487361e-01  1.05101809e-01  1.08979605e-01  1.13094933e-01  1.17432490e-01
  1.21983700e-01  1.26742825e-01  1.31704465e-01  1.36861637e-01  1.42204523e-01
  1.47719204e-01  1.53386608e-01  1.59181342e-01  1.65070593e-01  1.71013117e-01
  1.76958412e-01  1.82846576e-01  1.88608930e-01  1.94169879e-01  1.99450344e-01
  2.04372361e-01  2.08864734e-01  2.12868646e-01  2.16342479e-01  2.19264925e-01
  2.21635923e-01  2.23475322e-01  2.24819466e-01  2.25716576e-01  2.26221621e-01
  1.21219391e-02  8.01033434e-03  4.34842985e-03  9.50478483e-04 -1.51262630e-03
  1.56076407e-04  3.73260747e-03  8.58637225e-03  1.42755974e-02  2.04514172e-02
  2.68245060e-02  3.31563242e-02  3.92564535e-02  4.49793488e-02  5.02202772e-02
  5.49115054e-02  5.90191409e-02  6.25406653e-02  6.55029342e-02  6.79597706e-02
  6.99876398e-02  7.16783330e-02  7.31294155e-02  7.44349062e-02  7.56787360e-02
  7.69321993e-02  7.82546178e-02  7.96958879e-02  8.12993646e-02  8.31039697e-02
  8.51445124e-02  8.74504671e-02  9.00443420e-02  9.29407626e-02  9.61463079e-02
  9.96601731e-02  1.03475899e-01  1.07584246e-01  1.11976124e-01  1.16644263e-01
  1.21583432e-01  1.26789615e-01  1.32258952e-01  1.37986407e-01  1.43964559e-01
  1.50182247e-01  1.56622872e-01  1.63262680e-01  1.70068488e-01  1.76995248e-01
  1.83983475e-01  1.90957040e-01  1.97822139e-01  2.04468623e-01  2.10774660e-01
  2.16615334e-01  2.21873939e-01  2.26454124e-01  2.30290100e-01  2.33353138e-01
  2.35653311e-01  2.37236068e-01  2.38174081e-01  2.38556638e-01  2.38478735e-01
  8.07278790e-03  3.82183911e-03  3.52904643e-03  4.44704760e-03  5.69756981e-03
  7.75015727e-03  1.06661459e-02  1.43056801e-02  1.84810124e-02  2.30053682e-02
  2.77070366e-02  3.24349292e-02  3.70614752e-02  4.14839648e-02  4.56247814e-02
  4.94308434e-02  5.28725497e-02  5.59424087e-02  5.86532056e-02  6.10355921e-02
  6.31348416e-02  6.50067329e-02  6.67129755e-02  6.83167726e-02  6.98792785e-02
  7.14573041e-02  7.31023327e-02  7.48604536e-02  7.67727569e-02  7.88757205e-02
  8.12013745e-02  8.37770849e-02  8.66253302e-02  8.97635370e-02  9.32042375e-02
  9.69556570e-02  1.01022631e-01  1.05407819e-01  1.10112853e-01  1.15139246e-01
  1.20488808e-01  1.26163632e-01  1.32165730e-01  1.38496429e-01  1.45155370e-01
  1.52139381e-01  1.59440637e-01  1.67044416e-01  1.74925745e-01  1.83044970e-01
  1.91341862e-01  1.99728623e-01  2.08082840e-01  2.16243297e-01  2.24013731e-01
  2.31178686e-01  2.37530351e-01  2.42897242e-01  2.47166455e-01  2.50296831e-01
  2.52323121e-01  2.53348798e-01  2.53525645e-01  2.53025681e-01  2.52016038e-01
  6.34700852e-03  2.12220545e-03  3.47721786e-03  6.63427496e-03  9.49918665e-03
  1.23425433e-02  1.53268958e-02  1.85081642e-02  2.18734015e-02  2.53724605e-02
  2.89387591e-02  3.25019844e-02  3.59958559e-02  3.93629074e-02  4.25573736e-02
  4.55467552e-02  4.83124517e-02  5.08496352e-02  5.31664938e-02  5.52829355e-02
  5.72287180e-02  5.90411983e-02  6.07628934e-02  6.24390319e-02  6.41154572e-02
  6.58369511e-02  6.76461384e-02  6.95827827e-02  7.16834515e-02  7.39813969e-02
  7.65063986e-02  7.92847648e-02  8.23393017e-02  8.56894404e-02  8.93514156e-02
  9.33387578e-02  9.76628289e-02  1.02333479e-01  1.07359767e-01  1.12750545e-01
  1.18514895e-01  1.24662444e-01  1.31203398e-01  1.38148516e-01  1.45508692e-01
  1.53294340e-01  1.61514267e-01  1.70173645e-01  1.79270759e-01  1.88791469e-01
  1.98700041e-01  2.08924428e-01  2.19333857e-01  2.29709804e-01  2.39723384e-01
  2.48957604e-01  2.56998628e-01  2.63523161e-01  2.68329293e-01  2.71347731e-01
  2.72660851e-01  2.72512436e-01  2.71253109e-01  2.69236326e-01  2.66753763e-01
  8.12252238e-03  4.09518741e-03  6.20559743e-03  1.00490116e-02  1.34534873e-02
  1.65633541e-02  1.94911845e-02  2.23161429e-02  2.50834115e-02  2.78104916e-02
  3.04953642e-02  3.31240855e-02  3.56770605e-02  3.81338336e-02  4.04766351e-02
  4.26928401e-02  4.47765067e-02  4.67291847e-02  4.85600755e-02  5.02856560e-02
  5.19288741e-02  5.35180196e-02  5.50853983e-02  5.66659272e-02  5.82958348e-02
  6.00114912e-02  6.18484840e-02  6.38409406e-02  6.60210401e-02  6.84187338e-02
  7.10615367e-02  7.39745349e-02  7.71803707e-02  8.06993768e-02  8.45498592e-02
  8.87483582e-02  9.33101401e-02  9.82496664e-02  1.03581160e-01  1.09319158e-01
  1.15479089e-01  1.22077793e-01  1.29134074e-01  1.36669174e-01  1.44707367e-01
  1.53276354e-01  1.62407681e-01  1.72136888e-01  1.82502910e-01  1.93546206e-01
  2.05303460e-01  2.17794657e-01  2.30991468e-01  2.44743451e-01  2.58618712e-01
  2.71478742e-01  2.82307863e-01  2.90640175e-01  2.96181709e-01  2.98761338e-01
  2.98368096e-01  2.95547247e-01  2.91492015e-01  2.86898643e-01  2.82182842e-01
  1.29902493e-02  9.21383500e-03  1.14037674e-02  1.53444149e-02  1.87321734e-02
  2.16636565e-02  2.42382679e-02  2.65450086e-02  2.86548026e-02  3.06188427e-02
  3.24706882e-02  3.42301019e-02  3.59072797e-02  3.75067852e-02  3.90308350e-02
  4.04819213e-02  4.18646745e-02  4.31871377e-02  4.44614552e-02  4.57041077e-02
  4.69357148e-02  4.81805839e-02  4.94659841e-02  5.08213192e-02  5.22772521e-02
  5.38648590e-02  5.56149073e-02  5.75572923e-02  5.97205907e-02  6.21317811e-02
  6.48161247e-02  6.77971467e-02  7.10966885e-02  7.47350603e-02  7.87312388e-02
  8.31031650e-02  8.78680870e-02  9.30430442e-02  9.86453816e-02  1.04693368e-01
  1.11206889e-01  1.18208230e-01  1.25723004e-01  1.33781284e-01  1.42419010e-01
  1.51679799e-01  1.61617279e-01  1.72298357e-01  1.83807686e-01  1.96254104e-01
  2.09780589e-01  2.24580467e-01  2.40928069e-01  2.59253770e-01  2.79926300e-01
  2.98664421e-01  3.13575745e-01  3.24550450e-01  3.31358165e-01  3.33478123e-01
  3.30746591e-01  3.22392672e-01  3.13095868e-01  3.04569334e-01  2.96900958e-01
  2.07540616e-02  1.72365829e-02  1.93129014e-02  2.29917616e-02  2.59362683e-02
  2.82696523e-02  3.01311184e-02  3.16415168e-02  3.28970887e-02  3.39702033e-02
  3.49130258e-02  3.57620046e-02  3.65421847e-02  3.72710153e-02  3.79615128e-02
  3.86247672e-02  3.92718539e-02  3.99152115e-02  4.05695289e-02  4.12522480e-02
  4.19836789e-02  4.27868776e-02  4.36872281e-02  4.47118282e-02  4.58887145e-02
  4.72461618e-02  4.88120541e-02  5.06134070e-02  5.26759997e-02  5.50241582e-02
  5.76807521e-02  6.06673695e-02  6.40044585e-02  6.77114427e-02  7.18068928e-02
  7.63087049e-02  8.12344849e-02  8.66019279e-02  9.24293846e-02  9.87364799e-02
  1.05544865e-01  1.12879157e-01  1.20768070e-01  1.29245877e-01  1.38354301e-01
  1.48145139e-01  1.58683687e-01  1.70053780e-01  1.82365149e-01  1.95764378e-01
  2.10452303e-01  2.26712137e-01  2.44955868e-01  2.65792400e-01  2.90064752e-01
  3.14964235e-01  3.34411472e-01  3.48323315e-01  3.56811762e-01  3.59784216e-01
  3.56438071e-01  3.46310765e-01  3.31350267e-01  3.18780154e-01  3.08326602e-01
  3.18896510e-02  2.86362842e-02  3.07277236e-02  3.36654484e-02  3.55495736e-02
  3.67103033e-02  3.73824649e-02  3.77281718e-02  3.78577262e-02  3.78465168e-02
  3.77464257e-02  3.75934578e-02  3.74130085e-02  3.72236855e-02  3.70401740e-02
  3.68753970e-02  3.67421396e-02  3.66542488e-02  3.66274565e-02  3.66798937e-02
  3.68323289e-02  3.71081606e-02  3.75331901e-02  3.81349772e-02  3.89414988e-02
  3.99803184e-02  4.12780792e-02  4.28600907e-02  4.47499305e-02  4.69691642e-02
  4.95375693e-02  5.24741262e-02  5.57973683e-02  5.95252700e-02  6.36751205e-02
  6.82635903e-02  7.33070448e-02  7.88220093e-02  8.48256499e-02  9.13363770e-02
  9.83745158e-02  1.05963215e-01  1.14129476e-01  1.22905523e-01  1.32330582e-01
  1.42453194e-01  1.53334275e-01  1.65051296e-01  1.77704141e-01  1.91422909e-01
  2.06378967e-01  2.22799152e-01  2.40982816e-01  2.61318117e-01  2.84292519e-01
  3.10340762e-01  3.32604587e-01  3.48760724e-01  3.59018415e-01  3.63441169e-01
  3.62176597e-01  3.54412466e-01  3.39988530e-01  3.25203776e-01  3.13469976e-01
  4.92245369e-02  4.70076539e-02  4.75951992e-02  4.81550209e-02  4.77277115e-02
  4.68562990e-02  4.57608774e-02  4.45505679e-02  4.32871953e-02  4.20087874e-02
  4.07399982e-02  3.94975357e-02  3.82934026e-02  3.71371098e-02  3.60372849e-02
  3.50029357e-02  3.40444222e-02  3.31742279e-02  3.24075036e-02  3.17624174e-02
  3.12603898e-02  3.09260953e-02  3.07882074e-02  3.08794957e-02  3.12307794e-02
  3.18706073e-02  3.28257345e-02  3.41210812e-02  3.57788056e-02  3.78168039e-02
  4.02481221e-02  4.30878848e-02  4.63529825e-02  5.00603914e-02  5.42258546e-02
  5.88635691e-02  6.39871359e-02  6.96101487e-02  7.57465959e-02  8.24112520e-02
  8.96202698e-02  9.73917469e-02  1.05746463e-01  1.14708826e-01  1.24307983e-01
  1.34579122e-01  1.45565093e-01  1.57318190e-01  1.69902220e-01  1.83394581e-01
  1.97887897e-01  2.13490456e-01  2.30324388e-01  2.48521328e-01  2.68221796e-01
  2.89621532e-01  3.11491430e-01  3.27421963e-01  3.38189423e-01  3.44200760e-01
  3.45269471e-01  3.41784060e-01  3.33075583e-01  3.20375204e-01  3.10297430e-01
  7.39164054e-02  7.47579783e-02  7.01581314e-02  6.51183724e-02  6.10918328e-02
  5.75742833e-02  5.43781631e-02  5.14153056e-02  4.86371666e-02  4.60138991e-02
  4.35258038e-02  4.11594398e-02  3.89058739e-02  3.67598720e-02  3.47196646e-02
  3.27869840e-02  3.09672486e-02  2.92698164e-02  2.77081523e-02  2.62999423e-02
  2.50673927e-02  2.40339991e-02  2.32312270e-02  2.27184817e-02  2.25303546e-02
  2.26944797e-02  2.32377909e-02  2.41878293e-02  2.55705155e-02  2.74017528e-02
  2.96633095e-02  3.23676541e-02  3.55359837e-02  3.91889252e-02  4.33417670e-02
  4.80026975e-02  5.31804971e-02  5.88845424e-02  6.51240125e-02  7.19083399e-02
  7.92474300e-02  8.71518031e-02  9.56329703e-02  1.04703799e-01  1.14378907e-01
  1.24674864e-01  1.35610238e-01  1.47205114e-01  1.59479916e-01  1.72452927e-01
  1.86135381e-01  2.00522766e-01  2.15579033e-01  2.31207862e-01  2.47196019e-01
  2.63090014e-01  2.77979583e-01  2.90667892e-01  3.00436169e-01  3.07052851e-01
  3.10502172e-01  3.10924709e-01  3.08707833e-01  3.04708362e-01  3.00135970e-01
  9.13893431e-02  9.32500586e-02  8.67388397e-02  7.90646002e-02  7.25739822e-02
  6.69378638e-02  6.19270429e-02  5.73863760e-02  5.32103814e-02  4.93255369e-02
  4.56793979e-02  4.22340520e-02  3.89622189e-02  3.58448736e-02  3.28698717e-02
  3.00312061e-02  2.73287576e-02  2.47683302e-02  2.23616473e-02  2.01250613e-02
  1.80932004e-02  1.62649564e-02  1.46049270e-02  1.33860968e-02  1.25823775e-02
  1.21980645e-02  1.22555681e-02  1.27928890e-02  1.38690593e-02  1.55821629e-02
  1.76528711e-02  2.01700721e-02  2.31923349e-02  2.67607849e-02  3.08960266e-02
  3.55728678e-02  4.07953113e-02  4.65713106e-02  5.29036559e-02  5.97957075e-02
  6.72505796e-02  7.52700120e-02  8.38548318e-02  9.30051059e-02  1.02720030e-01
  1.12997420e-01  1.23832732e-01  1.35217428e-01  1.47136331e-01  1.59563467e-01
  1.72455907e-01  1.85744449e-01  1.99320182e-01  2.13015735e-01  2.26582527e-01
  2.39672691e-01  2.51851797e-01  2.62670636e-01  2.71766961e-01  2.78925747e-01
  2.84087270e-01  2.87341505e-01  2.88925529e-01  2.89201498e-01  2.88581461e-01
  1.01313949e-01  1.03336111e-01  9.68487114e-02  8.82680044e-02  8.05850998e-02
  7.36844614e-02  6.74331933e-02  6.17122501e-02  5.64224683e-02  5.14842495e-02
  4.68349755e-02  4.24260907e-02  3.82205322e-02  3.41907181e-02  3.03170774e-02
  2.65871622e-02  2.29955092e-02  1.95448175e-02  1.62499603e-02  1.30782994e-02
  1.02676312e-02  7.78471632e-03  5.63204614e-03  3.85439815e-03  2.47962587e-03
  1.53324613e-03  1.04299537e-03  1.03932421e-03  1.55293790e-03  2.60674697e-03
  4.19289805e-03  6.34015957e-03  9.09742527e-03  1.25360060e-02  1.67696122e-02
  2.14735083e-02  2.67373063e-02  3.25998180e-02  3.90369706e-02  4.60490435e-02
  5.36361784e-02  6.17896877e-02  7.04990700e-02  7.97518790e-02  8.95334408e-02
  9.98259187e-02  1.10607043e-01  1.21848240e-01  1.33512065e-01  1.45548686e-01
  1.57891482e-01  1.70451373e-01  1.83110565e-01  1.95716724e-01  2.08079785e-01
  2.19975755e-01  2.31161490e-01  2.41400972e-01  2.50495940e-01  2.58311152e-01
  2.64788270e-01  2.69948632e-01  2.73886234e-01  2.76749998e-01  2.78716207e-01
  1.07213333e-01  1.09267808e-01  1.02396220e-01  9.33758169e-02  8.51117000e-02
  7.75277913e-02  7.05338940e-02  6.40388802e-02  5.79593517e-02  5.22233211e-02
  4.67709340e-02  4.15536501e-02  3.65328714e-02  3.16784456e-02  2.69671455e-02
  2.23811157e-02  1.79059375e-02  1.35277081e-02  9.47460253e-03  5.71729429e-03
  2.27721431e-03 -8.31509766e-04 -3.59006436e-03 -5.97180193e-03 -7.94800557e-03
 -9.48874746e-03 -1.05630709e-02 -1.11395847e-02 -1.11877099e-02 -1.06793074e-02
 -9.58910678e-03 -7.88752083e-03 -5.54091251e-03 -2.51474092e-03  1.21831300e-03
  5.65539487e-03  1.08493259e-02  1.69095211e-02  2.34749336e-02  3.06301862e-02
  3.84030044e-02  4.67491597e-02  5.56471758e-02  6.50729015e-02  7.50008598e-02
  8.54019225e-02  9.62422192e-02  1.07481755e-01  1.19072527e-01  1.30956247e-01
  1.43061817e-01  1.55302823e-01  1.67575389e-01  1.79757416e-01  1.91709802e-01
  2.03281090e-01  2.14315772e-01  2.24665582e-01  2.34201863e-01  2.42826223e-01
  2.50477642e-01  2.57134587e-01  2.62812376e-01  2.67556190e-01  2.71431267e-01
  1.09301843e-01  1.11235522e-01  1.04062498e-01  9.48853791e-02  8.64293277e-02
  7.85847604e-02  7.12511539e-02  6.43389523e-02  5.77723384e-02  5.14884666e-02
  4.54358682e-02  3.95727940e-02  3.38657722e-02  2.82883290e-02  2.28198208e-02
  1.74441859e-02  1.21487007e-02  7.15709943e-03  2.46375077e-03 -1.93120854e-03
 -6.01653708e-03 -9.77458060e-03 -1.31821260e-02 -1.62110273e-02 -1.88296419e-02
 -2.10039634e-02 -2.26985533e-02 -2.38774568e-02 -2.45051011e-02 -2.45470554e-02
 -2.39703134e-02 -2.27428731e-02 -2.08342038e-02 -1.82165466e-02 -1.48666920e-02
 -1.07667027e-02 -5.89744328e-03 -2.45653646e-04  6.17101695e-03  1.33961299e-02
  2.15350091e-02  3.01711224e-02  3.93626541e-02  4.90688793e-02  5.92616498e-02
  6.99042380e-02  8.09558555e-02  9.23715308e-02  1.04100570e-01  1.16085008e-01
  1.28258362e-01  1.40544608e-01  1.52857721e-01  1.65101960e-01  1.77173376e-01
  1.88962549e-01  2.00358614e-01  2.11254179e-01  2.21550375e-01  2.31161267e-01
  2.40016863e-01  2.48064578e-01  2.55269051e-01  2.61610985e-01  2.67085433e-01
  1.07068114e-01  1.08617470e-01  1.01832025e-01  9.29515511e-02  8.47839937e-02
  7.71228969e-02  6.98305145e-02  6.28192127e-02  5.60282692e-02  4.94122468e-02
  4.29354347e-02  3.65691520e-02  3.02904118e-02  2.40813065e-02  1.79286953e-02
  1.18231308e-02  5.98278595e-03  4.03525104e-04 -4.91179712e-03 -9.95347463e-03
 -1.47047071e-02 -1.91423446e-02 -2.32376419e-02 -2.69570928e-02 -3.02633978e-02
 -3.31164934e-02 -3.54745984e-02 -3.72952558e-02 -3.85363512e-02 -3.91570739e-02
 -3.91187221e-02 -3.83854024e-02 -3.69247831e-02 -3.47088687e-02 -3.17146517e-02
 -2.79242359e-02 -2.33242698e-02 -1.79062262e-02 -1.16657596e-02 -4.59397770e-03
  3.31785390e-03  1.20570809e-02  2.17054542e-02  3.18086110e-02  4.24109139e-02
  5.34516573e-02  6.48836792e-02  7.66623691e-02  8.87396410e-02  1.01062484e-01
  1.13572583e-01  1.26206130e-01  1.38893887e-01  1.51561454e-01  1.64129987e-01
  1.76517174e-01  1.88638568e-01  2.00408936e-01  2.11743295e-01  2.22557575e-01
  2.32768804e-01  2.42295131e-01  2.51056492e-01  2.58976460e-01  2.65986294e-01
  1.00216284e-01  1.00784563e-01  9.49940756e-02  8.77521038e-02  8.06863382e-02
  7.37005547e-02  6.67781010e-02  5.99081181e-02  5.30800000e-02  4.62827869e-02
  3.95053551e-02  3.27368155e-02  2.59671025e-02  1.91883780e-02  1.23992162e-02
  5.81804058e-03 -5.57527761e-04 -6.72333362e-03 -1.26686534e-02 -1.83761492e-02
 -2.38219369e-02 -2.89759059e-02 -3.38022523e-02 -3.82601991e-02 -4.23048660e-02
 -4.58882824e-02 -4.89605218e-02 -5.14709018e-02 -5.33692241e-02 -5.46070039e-02
 -5.51386699e-02 -5.49226515e-02 -5.39224073e-02 -5.21072373e-02 -4.94528860e-02
 -4.59417887e-02 -4.15629297e-02 -3.63114178e-02 -3.01875137e-02 -2.31950730e-02
 -1.53413080e-02 -6.63688593e-03  2.90897931e-03  1.32675190e-02  2.45091319e-02
  3.61269452e-02  4.81067486e-02  6.04258627e-02  7.30439499e-02  8.59142840e-02
  9.89872441e-02  1.12211175e-01  1.25532508e-01  1.38895676e-01  1.52242973e-01
  1.65514275e-01  1.78646520e-01  1.91572532e-01  2.04219073e-01  2.16503859e-01
  2.28331804e-01  2.39591137e-01  2.50151187e-01  2.59864599e-01  2.68577039e-01
  9.13034305e-02  9.05159786e-02  8.67465734e-02  8.14980716e-02  7.56313726e-02
  6.93847835e-02  6.28907904e-02  5.62205575e-02  4.94136289e-02  4.24923114e-02
  3.54686528e-02  2.83476058e-02  2.11273320e-02  1.37956310e-02  6.59374893e-03
 -4.72663640e-04 -7.39683537e-03 -1.41673526e-02 -2.07667034e-02 -2.71707121e-02
 -3.33484188e-02 -3.92622612e-02 -4.48685065e-02 -5.01179248e-02 -5.49566485e-02
 -5.93272634e-02 -6.31700531e-02 -6.64244145e-02 -6.90303370e-02 -7.09299594e-02
 -7.20691010e-02 -7.23987147e-02 -7.18761906e-02 -7.04664364e-02 -6.81426302e-02
 -6.48866594e-02 -6.06890768e-02 -5.55486903e-02 -4.94716801e-02 -4.24703062e-02
 -3.45613770e-02 -2.57641859e-02 -1.60973351e-02 -5.57474047e-03  5.80681162e-03
  1.80617422e-02  3.06782778e-02  4.36877795e-02  5.70172295e-02  7.06137568e-02
  8.44333172e-02  9.84360278e-02  1.12584196e-01  1.26841336e-01  1.41171530e-01
  1.55538529e-01  1.69904247e-01  1.84226185e-01  1.98453188e-01  2.12518767e-01
  2.26331174e-01  2.39759892e-01  2.52619833e-01  2.64660001e-01  2.75572687e-01
  8.64255428e-02  8.52306560e-02  8.15274492e-02  7.66179338e-02  7.11607262e-02
  6.52495474e-02  5.89666180e-02  5.23760803e-02  4.55251299e-02  3.84479351e-02
  3.11697461e-02  2.37106476e-02  1.60894375e-02  8.32808297e-03  6.59666548e-04
 -6.92724204e-03 -1.44299194e-02 -2.18354519e-02 -2.91222334e-02 -3.62605453e-02
 -4.32128385e-02 -4.99340594e-02 -5.63721098e-02 -6.24685287e-02 -6.81594163e-02
 -7.33766183e-02 -7.80491680e-02 -8.21048990e-02 -8.54722485e-02 -8.80821943e-02
 -8.98701176e-02 -9.07776803e-02 -9.07544866e-02 -8.97595212e-02 -8.77621397e-02
 -8.47427398e-02 -8.06928426e-02 -7.56147206e-02 -6.95204884e-02 -6.24307096e-02
 -5.43726049e-02 -4.53779250e-02 -3.54805887e-02 -2.47145742e-02 -1.31128728e-02
 -7.11390108e-04  1.24405287e-02  2.64077596e-02  4.06416245e-02  5.51238544e-02
  6.98328987e-02  8.47477913e-02  9.98500139e-02  1.15124457e-01  1.30559817e-01
  1.46148443e-01  1.61885545e-01  1.77767187e-01  1.93786487e-01  2.09926292e-01
  2.26145953e-01  2.42357120e-01  2.58379817e-01  2.73863196e-01  2.88163602e-01
  8.34914073e-02  8.20352137e-02  7.80991912e-02  7.31477439e-02  6.77057505e-02
  6.18082657e-02  5.54980971e-02  4.88166101e-02  4.18000631e-02  3.44784968e-02
  2.68764496e-02  1.90153699e-02  1.09190978e-02  2.80671590e-03 -5.31295920e-03
 -1.34313824e-02 -2.15354338e-02 -2.96053160e-02 -3.76135372e-02 -4.55243550e-02
 -5.32935672e-02 -6.08685352e-02 -6.81885108e-02 -7.51852766e-02 -8.17841291e-02
 -8.79051313e-02 -9.34647620e-02 -9.83778313e-02 -1.02559619e-01 -1.05928153e-01
 -1.08406633e-01 -1.09925665e-01 -1.10425442e-01 -1.09857529e-01 -1.08186282e-01
 -1.05389677e-01 -1.01459622e-01 -9.64015648e-02 -9.02335346e-02 -8.29845294e-02
 -7.46924505e-02 -6.54015467e-02 -5.51595688e-02 -4.40148003e-02 -3.20128202e-02
 -1.91929098e-02 -5.58200385e-03  8.81883595e-03  2.40257215e-02  3.94730233e-02
  5.51478676e-02  7.10416660e-02  8.71517211e-02  1.03482842e-01  1.20048605e-01
  1.36872485e-01  1.53988987e-01  1.71444789e-01  1.89299524e-01  2.07625940e-01
  2.26508036e-01  2.46034414e-01  2.66276360e-01  2.87185252e-01  3.07633936e-01
  8.17576274e-02  8.00796896e-02  7.60263950e-02  7.09084794e-02  6.53029159e-02
  5.92315868e-02  5.27222343e-02  4.58039790e-02  3.85035165e-02  3.08424383e-02
  2.28348486e-02  1.44837499e-02  6.03248598e-03 -2.50769337e-03 -1.11271767e-02
 -1.98142678e-02 -2.85523795e-02 -3.73180769e-02 -4.60797697e-02 -5.47968335e-02
 -6.34191260e-02 -7.18868226e-02 -8.01306590e-02 -8.80724937e-02 -9.56263095e-02
 -1.02699660e-01 -1.09195486e-01 -1.15014322e-01 -1.20056860e-01 -1.24226682e-01
 -1.27433151e-01 -1.29594252e-01 -1.30639225e-01 -1.30510911e-01 -1.29167497e-01
 -1.26583740e-01 -1.22751378e-01 -1.17678843e-01 -1.11390136e-01 -1.03922993e-01
 -9.53264013e-02 -8.56575817e-02 -7.49785155e-02 -6.33521676e-02 -5.08384965e-02
 -3.74901071e-02 -2.33476143e-02 -8.43495876e-03  7.24303164e-03  2.37037484e-02
  4.03772853e-02  5.72618768e-02  7.43652508e-02  9.17080045e-02  1.09324895e-01
  1.27266690e-01  1.45603433e-01  1.64429203e-01  1.83869183e-01  2.04090059e-01
  2.25316107e-01  2.47856781e-01  2.72161603e-01  2.98946202e-01  3.26974243e-01
  8.13115090e-02  7.94684365e-02  7.52228796e-02  6.98605478e-02  6.39754608e-02
  5.75971231e-02  5.07572293e-02  4.34855632e-02  3.58074233e-02  2.77429316e-02
  1.93071011e-02  1.05095748e-02  1.59535068e-03 -7.44560221e-03 -1.66151151e-02
 -2.59071849e-02 -3.53075191e-02 -4.47927639e-02 -5.43296784e-02 -6.38744310e-02
 -7.33720884e-02 -8.27564299e-02 -9.19500962e-02 -1.00865170e-01 -1.09404236e-01
 -1.17461927e-01 -1.24926999e-01 -1.31684870e-01 -1.37620553e-01 -1.42621979e-01
 -1.46583408e-01 -1.49408862e-01 -1.51015386e-01 -1.51335940e-01 -1.50321633e-01
 -1.47943288e-01 -1.44192070e-01 -1.39079228e-01 -1.32634938e-01 -1.24906071e-01
 -1.15953401e-01 -1.05848029e-01 -9.46673304e-02 -8.24906528e-02 -6.93947822e-02
 -5.54494374e-02 -4.07129042e-02 -2.52279490e-02 -9.01833829e-03  7.91448914e-03
  2.55949367e-02  4.34454940e-02  6.14729337e-02  7.97099024e-02  9.82065052e-02
  1.17030688e-01  1.36272430e-01  1.56050712e-01  1.76523402e-01  1.97901636e-01
  2.20470101e-01  2.44614527e-01  2.70854115e-01  2.99863160e-01  3.30983400e-01
  8.23569745e-02  8.04327875e-02  7.58170038e-02  7.00973719e-02  6.37864545e-02
  5.69519512e-02  4.96483855e-02  4.19123396e-02  3.37678976e-02  2.52321865e-02
  1.63211431e-02  7.05859298e-03 -2.34418921e-03 -1.19096413e-02 -2.16476526e-02
 -3.15574408e-02 -4.16277945e-02 -5.18366545e-02 -6.21503890e-02 -7.25231022e-02
 -8.28960836e-02 -9.31975171e-02 -1.03342578e-01 -1.13234021e-01 -1.22763231e-01
 -1.31811976e-01 -1.40254617e-01 -1.47961065e-01 -1.54800147e-01 -1.60643399e-01
 -1.65369153e-01 -1.68866634e-01 -1.71039850e-01 -1.71811074e-01 -1.71123669e-01
 -1.68944016e-01 -1.65262416e-01 -1.60092875e-01 -1.53471842e-01 -1.45455748e-01
 -1.36117697e-01 -1.25543460e-01 -1.13826782e-01 -1.01064473e-01 -8.73514265e-02
 -7.27756396e-02 -5.74135222e-02 -4.13256958e-02 -2.45533623e-02 -7.11579109e-03
  1.09898765e-02  2.97830421e-02  4.86212038e-02  6.75800443e-02  8.67249295e-02
  1.06127501e-01  1.25875324e-01  1.46079779e-01  1.66884780e-01  1.88478634e-01
  2.11110950e-01  2.35118553e-01  2.60965466e-01  2.89301008e-01  3.19677114e-01
  8.49828869e-02  8.30629319e-02  7.82344416e-02  7.18169734e-02  6.47630915e-02
  5.72556853e-02  4.93442342e-02  4.10448015e-02  3.23599428e-02  2.32838802e-02
  1.38020702e-02  4.13216697e-03 -5.73473098e-03 -1.58110633e-02 -2.61052176e-02
 -3.66178192e-02 -4.73395623e-02 -5.82496636e-02 -6.93146288e-02 -8.04872587e-02
 -9.17058587e-02 -1.02893829e-01 -1.13959678e-01 -1.24797493e-01 -1.35288104e-01
 -1.45300850e-01 -1.54696122e-01 -1.63328543e-01 -1.71050817e-01 -1.77718103e-01
 -1.83192670e-01 -1.87348694e-01 -1.90076858e-01 -1.91288471e-01 -1.90918848e-01
 -1.88929677e-01 -1.85310200e-01 -1.80077150e-01 -1.73273221e-01 -1.64964497e-01
 -1.55236691e-01 -1.44190460e-01 -1.31936327e-01 -1.18588999e-01 -1.04261868e-01
 -8.90613794e-02 -7.30817541e-02 -5.63997626e-02 -3.90693769e-02 -2.11152658e-02
 -2.52312468e-03  1.67783350e-02  3.61557752e-02  5.56055941e-02  7.51498863e-02
  9.48306769e-02  1.14706866e-01  1.34853467e-01  1.55362472e-01  1.76344782e-01
  1.97933376e-01  2.20288485e-01  2.43611038e-01  2.68201977e-01  2.94065475e-01
  9.05172005e-02  8.92998651e-02  8.27313736e-02  7.46421963e-02  6.65222779e-02
  5.82117997e-02  4.96372208e-02  4.07565609e-02  3.15396599e-02  2.19609551e-02
  1.19966213e-02  1.86382956e-03 -8.47476721e-03 -1.90460458e-02 -2.98669618e-02
 -4.09438498e-02 -5.22713251e-02 -6.38310537e-02 -7.55905434e-02 -8.75020847e-02
 -9.95018333e-02 -1.11509308e-01 -1.23427249e-01 -1.35142088e-01 -1.46525085e-01
 -1.57434210e-01 -1.67716846e-01 -1.77213311e-01 -1.85761109e-01 -1.93199784e-01
 -1.99376270e-01 -2.04150289e-01 -2.07399622e-01 -2.09024936e-01 -2.08953694e-01
 -2.07142949e-01 -2.03580856e-01 -1.98286667e-01 -1.91309139e-01 -1.82723686e-01
 -1.72628194e-01 -1.61137938e-01 -1.48379743e-01 -1.34485960e-01 -1.19588338e-01
 -1.03812106e-01 -8.72705579e-02 -7.00601414e-02 -5.22562116e-02 -3.39096151e-02
 -1.50445076e-02  4.34080325e-03  2.42650397e-02  4.41231728e-02  6.39154017e-02
  8.36656913e-02  1.03407629e-01  1.23177476e-01  1.43008918e-01  1.62926227e-01
  1.82932302e-01  2.02985570e-01  2.22951129e-01  2.42493540e-01  2.60899127e-01
  9.41035226e-02  9.30226520e-02  8.57740492e-02  7.70223290e-02  6.82372376e-02
  5.93233705e-02  5.02088256e-02  4.08376791e-02  3.11653931e-02  2.11546924e-02
  1.07728150e-02  2.24728661e-04 -1.05374027e-02 -2.15495601e-02 -3.28359045e-02
 -4.44082916e-02 -5.62653802e-02 -6.83915466e-02 -8.07556883e-02 -9.33101103e-02
 -1.05989508e-01 -1.18710384e-01 -1.31370783e-01 -1.43850729e-01 -1.56013355e-01
 -1.67706802e-01 -1.78767160e-01 -1.89022198e-01 -1.98295966e-01 -2.06414193e-01
 -2.13210106e-01 -2.18530461e-01 -2.22241476e-01 -2.24234194e-01 -2.24428937e-01
 -2.22778589e-01 -2.19270274e-01 -2.13925481e-01 -2.06798509e-01 -1.97973207e-01
 -1.87558547e-01 -1.75683051e-01 -1.62488461e-01 -1.48123205e-01 -1.32735848e-01
 -1.16468906e-01 -9.94532555e-02 -8.18034261e-02 -6.36138022e-02 -4.49561179e-02
 -2.58783773e-02 -6.40597474e-03  1.34543255e-02  3.37070823e-02  5.36495633e-02
  7.33379945e-02  9.28046107e-02  1.12063989e-01  1.31112501e-01  1.49922922e-01
  1.68434069e-01  1.86534852e-01  2.04043150e-01  2.20686510e-01  2.36105174e-01
  9.58439186e-02  9.47269946e-02  8.76622126e-02  7.86688849e-02  6.95621297e-02
  6.03016764e-02  5.08383140e-02  4.11250107e-02  3.11186500e-02  2.07799785e-02
  1.00727873e-02 -8.05011543e-04 -1.19067039e-02 -2.32734680e-02 -3.49340849e-02
 -4.69042696e-02 -5.91857433e-02 -7.17650503e-02 -8.46123248e-02 -9.76800323e-02
 -1.10901944e-01 -1.24192350e-01 -1.37445778e-01 -1.50537327e-01 -1.63323775e-01
 -1.75645590e-01 -1.87329888e-01 -1.98194414e-01 -2.08052471e-01 -2.16718659e-01
 -2.24015117e-01 -2.29778126e-01 -2.33864456e-01 -2.36157343e-01 -2.36571327e-01
 -2.35055849e-01 -2.31597260e-01 -2.26218924e-01 -2.18979686e-01 -2.09970400e-01
 -1.99309215e-01 -1.87135592e-01 -1.73603579e-01 -1.58874869e-01 -1.43111855e-01
 -1.26471072e-01 -1.09097429e-01 -9.11191851e-02 -7.26439282e-02 -5.37553690e-02
 -3.45109627e-02 -1.49397412e-02  4.96046199e-03  2.52287034e-02  4.50982414e-02
  6.45875260e-02  8.37033987e-02  1.02438673e-01  1.20769188e-01  1.38649836e-01
  1.56009436e-01  1.72745481e-01  1.88720703e-01  2.03764841e-01  2.17685997e-01
  9.71650034e-02  9.60482284e-02  8.88549536e-02  7.97590166e-02  7.05207288e-02
  6.11017942e-02  5.14603704e-02  4.15552035e-02  3.13470885e-02  2.07989234e-02
  9.87521186e-03 -1.22739025e-03 -1.25640165e-02 -2.41779517e-02 -3.61001082e-02
 -4.83481847e-02 -6.09255917e-02 -7.38201514e-02 -8.70027542e-02 -1.00426018e-01
 -1.14023134e-01 -1.27706975e-01 -1.41369820e-01 -1.54883489e-01 -1.68100581e-01
 -1.80856407e-01 -1.92972034e-01 -2.04258442e-01 -2.14521661e-01 -2.23568633e-01
 -2.31213987e-01 -2.37286776e-01 -2.41637379e-01 -2.44143635e-01 -2.44716153e-01
 -2.43302092e-01 -2.39887312e-01 -2.34496638e-01 -2.27192163e-01 -2.18069777e-01
 -2.07254142e-01 -1.94892511e-01 -1.81147709e-01 -1.66190833e-01 -1.50194108e-01
 -1.33324042e-01 -1.15735434e-01 -9.75661725e-02 -7.89329335e-02 -5.99276908e-02
 -4.06147912e-02 -2.10282840e-02 -1.16915815e-03  1.89971738e-02  3.86999734e-02
  5.79375848e-02  7.66994059e-02  9.49658900e-02  1.12706073e-01  1.29874885e-01
  1.46411180e-01  1.62236884e-01  1.77258208e-01  1.91369817e-01  2.04462439e-01
  9.79289636e-02  9.68121514e-02  8.94753188e-02  8.04055855e-02  7.11925700e-02
  6.17739558e-02  5.21034896e-02  4.21428233e-02  3.18579227e-02  2.12166049e-02
  1.01871639e-02 -1.02997408e-03 -1.24889696e-02 -2.42327042e-02 -3.62920836e-02
 -4.86850478e-02 -6.14153408e-02 -7.44711310e-02 -8.78235400e-02 -1.01425216e-01
 -1.15209110e-01 -1.29087538e-01 -1.42951757e-01 -1.56672254e-01 -1.70099750e-01
 -1.83067292e-01 -1.95393249e-01 -2.06885576e-01 -2.17346981e-01 -2.26581022e-01
 -2.34398872e-01 -2.40626395e-01 -2.45111063e-01 -2.47728363e-01 -2.48387203e-01
 -2.47033834e-01 -2.43654102e-01 -2.38273710e-01 -2.30956510e-01 -2.21801013e-01
 -2.10935280e-01 -1.98510543e-01 -1.84694171e-01 -1.69662222e-01 -1.53592080e-01
 -1.36655703e-01 -1.19013481e-01 -1.00809060e-01 -8.21651146e-02 -6.31799772e-02
 -4.39248048e-02 -2.44405959e-02 -4.73346747e-03  1.52359521e-02  3.47471200e-02
  5.37399203e-02  7.21860304e-02  9.00621712e-02  1.07339874e-01  1.23981580e-01
  1.39939651e-01  1.55157030e-01  1.69569314e-01  1.83108330e-01  1.95707083e-01
  9.75627601e-02  9.63356420e-02  8.94297436e-02  8.06621611e-02  7.16873109e-02
  6.24296740e-02  5.28592058e-02  4.29559723e-02  3.26995440e-02  2.20670085e-02
  1.10329743e-02 -1.94296328e-04 -1.16659747e-02 -2.34225877e-02 -3.54932956e-02
 -4.78948392e-02 -6.06301948e-02 -7.36870989e-02 -8.70364681e-02 -1.00630976e-01
 -1.14403710e-01 -1.28267288e-01 -1.42113417e-01 -1.55813068e-01 -1.69217646e-01
 -1.82160899e-01 -1.94462106e-01 -2.05930129e-01 -2.16368660e-01 -2.25582331e-01
 -2.33383328e-01 -2.39598572e-01 -2.44076461e-01 -2.46693388e-01 -2.47359022e-01
 -2.46020228e-01 -2.42663294e-01 -2.37314224e-01 -2.30037048e-01 -2.20930293e-01
 -2.10121974e-01 -1.97763279e-01 -1.84021518e-01 -1.69072762e-01 -1.53094634e-01
 -1.36259586e-01 -1.18728891e-01 -1.00647695e-01 -8.21411982e-02 -6.33121133e-02
 -4.42397408e-02 -2.49816459e-02 -5.58030419e-03  1.39187053e-02  3.34203355e-02
  5.22367209e-02  7.04173744e-02  8.79719704e-02  1.04888201e-01  1.21139690e-01
  1.36690050e-01  1.51495799e-01  1.65509149e-01  1.78681225e-01  1.90965563e-01
  9.63193774e-02  9.46399868e-02  8.88387263e-02  8.09215009e-02  7.23244026e-02
  6.32908717e-02  5.38769141e-02  4.40947451e-02  3.39389890e-02  2.33947206e-02
  1.24408239e-02  1.29384093e-03 -1.00925481e-02 -2.17545591e-02 -3.37181799e-02
 -4.59979400e-02 -5.85953668e-02 -7.14973137e-02 -8.46743658e-02 -9.80793387e-02
 -1.11646011e-01 -1.25288233e-01 -1.38899535e-01 -1.52353391e-01 -1.65504292e-01
 -1.78189754e-01 -1.90233350e-01 -2.01448798e-01 -2.11645037e-01 -2.20632061e-01
 -2.28227541e-01 -2.34263569e-01 -2.38593310e-01 -2.41097227e-01 -2.41688117e-01
 -2.40314975e-01 -2.36965030e-01 -2.31663987e-01 -2.24474445e-01 -2.15492427e-01
 -2.04842553e-01 -1.92671835e-01 -1.79142982e-01 -1.64427251e-01 -1.48697391e-01
 -1.32121176e-01 -1.14855573e-01 -9.70418230e-02 -7.88014531e-02 -6.02331087e-02
 -4.14098017e-02 -2.23758481e-02 -3.14161205e-03  1.63281672e-02  3.53083313e-02
  5.37363179e-02  7.15830922e-02  8.88266340e-02  1.05442427e-01  1.21400461e-01
  1.36665136e-01  1.51196361e-01  1.64951548e-01  1.77888140e-01  1.89966425e-01
  9.81751978e-02  9.69189033e-02  9.03844759e-02  8.20958316e-02  7.35019818e-02
  6.45648688e-02  5.52770756e-02  4.56336066e-02  3.56245860e-02  2.52335053e-02
  1.44348228e-02  3.43665341e-03 -7.78704137e-03 -1.92642547e-02 -3.10171694e-02
 -4.30582128e-02 -5.53876087e-02 -6.79915026e-02 -8.08403343e-02 -9.38874632e-02
 -1.07068002e-01 -1.20298035e-01 -1.33474320e-01 -1.46474615e-01 -1.59158856e-01
 -1.71371043e-01 -1.82942286e-01 -1.93694666e-01 -2.03446135e-01 -2.12016061e-01
 -2.19231471e-01 -2.24933386e-01 -2.28983119e-01 -2.31267959e-01 -2.31706053e-01
 -2.30249763e-01 -2.26887658e-01 -2.21644700e-01 -2.14580551e-01 -2.05786481e-01
 -1.95380583e-01 -1.83502108e-01 -1.70305014e-01 -1.55951232e-01 -1.40604049e-01
 -1.24421902e-01 -1.07552901e-01 -9.01301652e-02 -7.22681060e-02 -5.40595427e-02
 -3.55734564e-02 -1.68527998e-02  2.08864990e-03  2.12723482e-02  3.99214625e-02
  5.80317080e-02  7.55903646e-02  9.25778225e-02  1.08967640e-01  1.24726713e-01
  1.39815941e-01  1.54191554e-01  1.67807028e-01  1.80615708e-01  1.92573786e-01
  9.95011926e-02  9.83786359e-02  9.19179618e-02  8.36157575e-02  7.50499293e-02
  6.61983192e-02  5.70406392e-02  4.75616157e-02  3.77484486e-02  2.75900960e-02
  1.70792956e-02  6.21954771e-03 -4.80034994e-03 -1.60243548e-02 -2.74805129e-02
 -3.91829833e-02 -5.11322170e-02 -6.33143112e-02 -7.57000297e-02 -8.82437453e-02
 -1.00882582e-01 -1.13535807e-01 -1.26104683e-01 -1.38472930e-01 -1.50507852e-01
 -1.62062317e-01 -1.72977641e-01 -1.83087215e-01 -1.92221120e-01 -2.00211316e-01
 -2.06897333e-01 -2.12132126e-01 -2.15787768e-01 -2.17760727e-01 -2.17976049e-01
 -2.16390520e-01 -2.12994382e-01 -2.07811296e-01 -2.00896919e-01 -1.92335784e-01
 -1.82237089e-01 -1.70729250e-01 -1.57954097e-01 -1.44060537e-01 -1.29198402e-01
 -1.13512762e-01 -9.71387029e-02 -8.01971033e-02 -6.27913624e-02 -4.50054258e-02
 -2.69033704e-02 -8.53118300e-03  1.00784302e-02  2.88977250e-02  4.71990965e-02
  6.50053546e-02  8.23144019e-02  9.91086662e-02  1.15359113e-01  1.31026998e-01
  1.46065027e-01  1.60418689e-01  1.74028322e-01  1.86832130e-01  1.98770300e-01
  1.01006366e-01  1.00045025e-01  9.34020430e-02  8.51996318e-02  7.67578334e-02
  6.80529028e-02  5.90684451e-02  4.97894622e-02  4.02021818e-02  3.02934367e-02
  2.00498402e-02  9.45639331e-03 -1.26836519e-03 -1.21591194e-02 -2.32384726e-02
 -3.45172696e-02 -4.59939875e-02 -5.76538034e-02 -6.94676042e-02 -8.13910291e-02
 -9.33637470e-02 -1.05309017e-01 -1.17133684e-01 -1.28728732e-01 -1.39970481e-01
 -1.50722474e-01 -1.60838202e-01 -1.70164585e-01 -1.78546131e-01 -1.85829639e-01
 -1.91869363e-01 -1.96532279e-01 -1.99703082e-01 -2.01288834e-01 -2.01222613e-01
 -1.99466318e-01 -1.96011931e-01 -1.90881521e-01 -1.84125796e-01 -1.75821304e-01
 -1.66066498e-01 -1.54976904e-01 -1.42679691e-01 -1.29308060e-01 -1.14995420e-01
 -9.98701453e-02 -8.40505734e-02 -6.76407367e-02 -5.07267900e-02 -3.33745182e-02
 -1.56282876e-02  2.48666620e-03  2.09536105e-02  3.91300805e-02  5.69721088e-02
  7.44521320e-02  9.15445834e-02  1.08219378e-01  1.24438398e-01  1.40153244e-01
  1.55303732e-01  1.69817343e-01  1.83610335e-01  1.96590990e-01  2.08665818e-01
  1.01893976e-01  1.01042941e-01  9.48273242e-02  8.68043080e-02  7.85480812e-02
  7.00458214e-02  6.12828061e-02  5.22461683e-02  4.29241359e-02  3.33045907e-02
  2.33729240e-02  1.31082060e-02  2.72802031e-03 -7.77979661e-03 -1.84280314e-02
 -2.92227995e-02 -4.01602313e-02 -5.12246452e-02 -6.23873249e-02 -7.36056194e-02
 -8.48223343e-02 -9.59654525e-02 -1.06948286e-01 -1.17670096e-01 -1.28017321e-01
 -1.37865424e-01 -1.47081450e-01 -1.55527145e-01 -1.63062781e-01 -1.69551358e-01
 -1.74863085e-01 -1.78880051e-01 -1.81500509e-01 -1.82642847e-01 -1.82248741e-01
 -1.80285364e-01 -1.76746503e-01 -1.71652332e-01 -1.65048108e-01 -1.57001585e-01
 -1.47599488e-01 -1.36943206e-01 -1.25143945e-01 -1.12317592e-01 -9.85795856e-02
 -8.40399116e-02 -6.87982887e-02 -5.29395863e-02 -3.65292020e-02 -1.96076185e-02
 -2.18245434e-03  1.57873631e-02  3.36300172e-02  5.12960739e-02  6.87518567e-02
  8.59708413e-02  1.02927148e-01  1.19590528e-01  1.35921851e-01  1.51868582e-01
  1.67360038e-01  1.82302743e-01  1.96577474e-01  2.10040644e-01  2.22532958e-01
  1.02917850e-01  1.02207258e-01  9.61855203e-02  8.83913264e-02  8.03806409e-02
  7.21317530e-02  6.36316240e-02  5.48737757e-02  4.58540954e-02  3.65691073e-02
  2.70161610e-02  1.71959866e-02  7.12010870e-03 -3.00139049e-03 -1.31954169e-02
 -2.34725419e-02 -3.38303037e-02 -4.42538857e-02 -5.47159687e-02 -6.51763305e-02
 -7.55815506e-02 -8.58650059e-02 -9.59471017e-02 -1.05736069e-01 -1.15129136e-01
 -1.24014348e-01 -1.32272884e-01 -1.39781907e-01 -1.46417961e-01 -1.52060598e-01
 -1.56596363e-01 -1.59922615e-01 -1.61951303e-01 -1.62612215e-01 -1.61855549e-01
 -1.59653679e-01 -1.56002030e-01 -1.50918722e-01 -1.44443274e-01 -1.36634380e-01
 -1.27566695e-01 -1.17327079e-01 -1.06010325e-01 -9.37146768e-02 -8.05372968e-02
 -6.65698946e-02 -5.18945605e-02 -3.65799069e-02 -2.06775647e-02 -4.21997067e-03
  1.27767716e-02  3.03041488e-02  4.76810858e-02  6.49376735e-02  8.20814446e-02
  9.91099328e-02  1.16014585e-01  1.32780477e-01  1.49383217e-01  1.65783182e-01
  1.81916609e-01  1.97682485e-01  2.12925658e-01  2.27421448e-01  2.40877956e-01
  1.03932969e-01  1.03346623e-01  9.73666161e-02  8.99492204e-02  8.22676048e-02
  7.43060037e-02  6.60833269e-02  5.76136447e-02  4.89048474e-02  3.99604440e-02
  3.07806171e-02  2.13618372e-02  1.16934041e-02  2.00242060e-03 -7.71178585e-03
 -1.74503513e-02 -2.72076838e-02 -3.69686149e-02 -4.67071235e-02 -5.63857108e-02
 -6.59551695e-02 -7.53546432e-02 -8.45120549e-02 -9.33448896e-02 -1.01761401e-01
 -1.09662324e-01 -1.16942979e-01 -1.23495817e-01 -1.29213363e-01 -1.33991420e-01
 -1.37732297e-01 -1.40348196e-01 -1.41764164e-01 -1.41920850e-01 -1.40776470e-01
 -1.38308287e-01 -1.34513021e-01 -1.29406601e-01 -1.23022810e-01 -1.15411334e-01
 -1.06634915e-01 -9.67660472e-02 -8.58832598e-02 -7.40672201e-02 -6.13968298e-02
 -4.79455628e-02 -3.37779969e-02 -1.89463496e-02 -3.48497787e-03  1.26025109e-02
  2.93324273e-02  4.61020507e-02  6.28912598e-02  7.96969458e-02  9.65224877e-02
  1.13374703e-01  1.30262688e-01  1.47196636e-01  1.64185405e-01  1.81231812e-01
  1.98323429e-01  2.15414390e-01  2.32386842e-01  2.48966411e-01  2.64582038e-01
  1.04582861e-01  1.04048379e-01  9.88900885e-02  9.18403640e-02  8.43685344e-02
  7.66098052e-02  6.86149299e-02  6.04067668e-02  5.19971587e-02  4.33928259e-02
  3.45981754e-02  2.56174337e-02  1.64578371e-02  7.13725621e-03 -2.11820891e-03
 -1.13250632e-02 -2.04836894e-02 -2.95820925e-02 -3.85970771e-02 -4.74946611e-02
 -5.62302880e-02 -6.47491813e-02 -7.29868859e-02 -8.08701515e-02 -8.83181021e-02
 -9.52438116e-02 -1.01556212e-01 -1.07162371e-01 -1.11969970e-01 -1.15890026e-01
 -1.18839629e-01 -1.20744668e-01 -1.21542282e-01 -1.21182971e-01 -1.19632229e-01
 -1.16871499e-01 -1.12898514e-01 -1.07726820e-01 -1.01384617e-01 -9.39128995e-02
 -8.53629857e-02 -7.57935569e-02 -6.52673468e-02 -5.38476370e-02 -4.15947996e-02
 -2.85633449e-02 -1.48004219e-02 -3.49713926e-04  1.47374645e-02  3.05360034e-02
  4.64768708e-02  6.25527427e-02  7.87575319e-02  9.50925201e-02  1.11567847e-01
  1.28203332e-01  1.45029455e-01  1.62088767e-01  1.79437622e-01  1.97148383e-01
  2.15311930e-01  2.34042063e-01  2.53485888e-01  2.73870736e-01  2.95191377e-01
  1.07333660e-01  1.07363440e-01  1.01694949e-01  9.42063853e-02  8.66452008e-02
  7.89578035e-02  7.11255297e-02  6.31442592e-02  5.50145097e-02  4.67380285e-02
  3.83166149e-02  2.97513288e-02  2.10410245e-02  1.21782105e-02  3.40488157e-03
 -5.27006295e-03 -1.38390018e-02 -2.22884361e-02 -3.05965394e-02 -3.87324281e-02
 -4.66561168e-02 -5.43188341e-02 -6.16636202e-02 -6.86261579e-02 -7.51359612e-02
 -8.11177418e-02 -8.64931792e-02 -9.11828354e-02 -9.51082706e-02 -9.81943607e-02
 -1.00371502e-01 -1.01577818e-01 -1.01761118e-01 -1.00880533e-01 -9.89077389e-02
 -9.58276317e-02 -9.16384384e-02 -8.63512233e-02 -7.99887851e-02 -7.25839660e-02
 -6.41774610e-02 -5.48151508e-02 -4.45449911e-02 -3.34134549e-02 -2.14610733e-02
 -8.71733017e-03  4.81301965e-03  1.91445295e-02  3.37474570e-02  4.86666113e-02
  6.38427734e-02  7.92448223e-02  9.48591903e-02  1.10686556e-01  1.26741469e-01
  1.43053561e-01  1.59670219e-01  1.76660582e-01  1.94121659e-01  2.12187201e-01
  2.31040791e-01  2.50935972e-01  2.72227615e-01  2.95417577e-01  3.20143700e-01
  1.09088458e-01  1.09374821e-01  1.03618123e-01  9.61586684e-02  8.86567533e-02
  8.10832828e-02  7.34236091e-02  6.56695887e-02  5.78178018e-02  4.98678088e-02
  4.18209918e-02  3.36801820e-02  2.54501533e-02  1.71400942e-02  8.77114106e-03
  5.87063085e-04 -7.42253754e-03 -1.52517874e-02 -2.28833631e-02 -3.02905329e-02
 -3.74381728e-02 -4.42834757e-02 -5.07766828e-02 -5.68619557e-02 -6.24784641e-02
 -6.75616637e-02 -7.20447972e-02 -7.58605823e-02 -7.89429694e-02 -8.12290311e-02
 -8.26607719e-02 -8.31868723e-02 -8.27642158e-02 -8.13591108e-02 -7.89482072e-02
 -7.55189210e-02 -7.10693896e-02 -6.56079724e-02 -5.91522232e-02 -5.17274030e-02
 -4.33646142e-02 -3.40986103e-02 -2.39652395e-02 -1.29996594e-02 -1.23000122e-03
  1.13020036e-02  2.46646628e-02  3.83323021e-02  5.22980466e-02  6.65532723e-02
  8.10788572e-02  9.58583876e-02  1.10883355e-01  1.26156032e-01  1.41691819e-01
  1.57522067e-01  1.73697948e-01  1.90295786e-01  2.07424834e-01  2.25238293e-01
  2.43949011e-01  2.63850719e-01  2.85342842e-01  3.08946639e-01  3.34132373e-01
  1.09739140e-01  1.10165723e-01  1.04823828e-01  9.75304842e-02  9.01837945e-02
  8.27873051e-02  7.53365457e-02  6.78289905e-02  6.02642447e-02  5.26436158e-02
  4.49694395e-02  3.72444168e-02  2.94706859e-02  2.16479842e-02  1.37689160e-02
  6.08994626e-03 -1.37595518e-03 -8.61390028e-03 -1.56046394e-02 -2.23232023e-02
 -2.87383962e-02 -3.48128751e-02 -4.05036062e-02 -4.57625873e-02 -5.05378097e-02
 -5.47743998e-02 -5.84159009e-02 -6.14056922e-02 -6.36884794e-02 -6.52117953e-02
 -6.59274459e-02 -6.57928810e-02 -6.47723302e-02 -6.28377423e-02 -5.99693768e-02
 -5.61560690e-02 -5.13951145e-02 -4.56916913e-02 -3.90579477e-02 -3.15116905e-02
 -2.30746400e-02 -1.37711978e-02 -3.62256309e-03  7.33438879e-03  1.91663206e-02
  3.13930325e-02  4.40551154e-02  5.70898391e-02  7.04553202e-02  8.41202140e-02
  9.80588049e-02  1.12251103e-01  1.26684308e-01  1.41354576e-01  1.56269133e-01
  1.71448767e-01  1.86931044e-01  2.02774569e-01  2.19064802e-01  2.35922366e-01
  2.53515840e-01  2.72083253e-01  2.91974038e-01  3.13744426e-01  3.36402118e-01
  1.10106423e-01  1.10711507e-01  1.05432190e-01  9.83091891e-02  9.11557078e-02
  8.39687139e-02  7.67494664e-02  6.95017576e-02  6.22308441e-02  5.49424998e-02
  4.76425402e-02  4.03367169e-02  3.30309086e-02  2.57317647e-02  1.84483584e-02
  1.11967949e-02  4.21658019e-03 -2.47851154e-03 -8.87359586e-03 -1.49488077e-02
 -2.06784233e-02 -2.60310564e-02 -3.09702605e-02 -3.54553312e-02 -3.94422375e-02
 -4.28846516e-02 -4.57350910e-02 -4.79460992e-02 -4.94714677e-02 -5.02674393e-02
 -5.02938330e-02 -4.95150425e-02 -4.79009040e-02 -4.54273149e-02 -4.20766547e-02
 -3.78379226e-02 -3.27065252e-02 -2.66837440e-02 -1.97757278e-02 -1.19929360e-02
 -3.34500871e-03  6.14090776e-03  1.65331401e-02  2.73815114e-02  3.87282223e-02
  5.05181476e-02  6.27136156e-02  7.52730593e-02  8.81569237e-02  1.01329081e-01
  1.14757091e-01  1.28412768e-01  1.42273083e-01  1.56321302e-01  1.70548260e-01
  1.84953824e-01  1.99548304e-01  2.14353874e-01  2.29405761e-01  2.44752780e-01
  2.60456711e-01  2.76588231e-01  2.93212920e-01  3.10322046e-01  3.27045858e-01
  1.09818414e-01  1.10565595e-01  1.05387978e-01  9.84730422e-02  9.15378407e-02
  8.45709145e-02  7.75833651e-02  7.05907717e-02  6.36075139e-02  5.66453561e-02
  4.97137867e-02  4.28207889e-02  3.59737054e-02  2.91802976e-02  2.24501677e-02
  1.57969762e-02  9.24198423e-03  3.04816361e-03 -2.78954953e-03 -8.26127362e-03
 -1.33479265e-02 -1.80239864e-02 -2.22590324e-02 -2.60188431e-02 -2.92663574e-02
 -3.19626331e-02 -3.40677984e-02 -3.55420746e-02 -3.63467373e-02 -3.64450552e-02
 -3.58031392e-02 -3.43906060e-02 -3.21811177e-02 -2.91527156e-02 -2.52881795e-02
 -2.05751415e-02 -1.50057543e-02 -8.57675634e-03 -1.28510350e-03  6.85401959e-03
  1.59144979e-02  2.54755896e-02  3.55831236e-02  4.61893827e-02  5.72615638e-02
  6.87611178e-02  8.06482211e-02  9.28815380e-02  1.05419137e-01  1.18219301e-01
  1.31241187e-01  1.44445479e-01  1.57795146e-01  1.71256199e-01  1.84798419e-01
  1.98395848e-01  2.12026760e-01  2.25672841e-01  2.39316657e-01  2.52936482e-01
  2.66496360e-01  2.79927194e-01  2.93092012e-01  3.05718899e-01  3.17283541e-01
  1.08477563e-01  1.09222539e-01  1.04601540e-01  9.80678201e-02  9.13614631e-02
  8.45731422e-02  7.77726099e-02  7.10007250e-02  6.42817691e-02  5.76308295e-02
  5.10578118e-02  4.45696227e-02  3.81714180e-02  3.18671800e-02  2.56593954e-02
  1.95472408e-02  1.35213016e-02  7.85345957e-03  2.56307889e-03 -2.33102008e-03
 -6.80835638e-03 -1.08457040e-02 -1.44168390e-02 -1.74927786e-02 -2.00423077e-02
 -2.20326521e-02 -2.34302431e-02 -2.42015179e-02 -2.43137125e-02 -2.37356126e-02
 -2.24381350e-02 -2.03946829e-02 -1.75811276e-02 -1.39754228e-02 -9.55839362e-03
 -4.31474578e-03  1.77048461e-03  8.69420823e-03  1.65375751e-02  2.49085538e-02
  3.38593833e-02  4.33523729e-02  5.33628762e-02  6.38594851e-02  7.48079270e-02
  8.61703604e-02  9.79056582e-02  1.09969556e-01  1.22314960e-01  1.34892330e-01
  1.47650123e-01  1.60535395e-01  1.73494399e-01  1.86473384e-01  1.99419186e-01
  2.12279692e-01  2.25003704e-01  2.37539873e-01  2.49834046e-01  2.61824548e-01
  2.73434371e-01  2.84560055e-01  2.95057863e-01  3.04732710e-01  3.13343674e-01
  1.08290955e-01  1.09606452e-01  1.04555003e-01  9.76084992e-02  9.07350704e-02
  8.39203149e-02  7.71991014e-02  7.05919117e-02  6.41099513e-02  5.77592328e-02
  5.15428893e-02  4.54626456e-02  3.95197198e-02  3.37153934e-02  2.80515123e-02
  2.25311015e-02  1.71599910e-02  1.19515294e-02  7.16162194e-03  2.80806539e-03
 -1.09312288e-03 -4.52387379e-03 -7.46322190e-03 -9.88746434e-03 -1.17706638e-02
 -1.30852694e-02 -1.38027770e-02 -1.38944089e-02 -1.33318026e-02 -1.20878126e-02
 -1.01371892e-02 -7.45670591e-03 -4.02481854e-03  1.85189492e-04  5.20052342e-03
  1.10301729e-02  1.77628454e-02  2.50334702e-02  3.29017416e-02  4.13411558e-02
  5.03372811e-02  5.98687865e-02  6.99109584e-02  8.04348066e-02  9.14069414e-02
  1.02789283e-01  1.14538781e-01  1.26607180e-01  1.38940871e-01  1.51480854e-01
  1.64162919e-01  1.76918060e-01  1.89673215e-01  2.02352300e-01  2.14877471e-01
  2.27170497e-01  2.39153922e-01  2.50751644e-01  2.61888683e-01  2.72489488e-01
  2.82475382e-01  2.91761011e-01  3.00251663e-01  3.07843685e-01  3.14431131e-01
  1.07616171e-01  1.09386981e-01  1.04021139e-01  9.64156911e-02  8.91891494e-02
  8.22594240e-02  7.55817890e-02  6.91322088e-02  6.28957599e-02  5.68617024e-02
  5.10217659e-02  4.53695506e-02  3.99004146e-02  3.46115008e-02  2.95018982e-02
  2.45730635e-02  1.98297556e-02  1.52819417e-02  1.09481309e-02  7.11150886e-03
  3.76793393e-03  9.25469445e-04 -1.40130648e-03 -3.19377659e-03 -4.43054363e-03
 -5.08820824e-03 -5.14200889e-03 -4.56627784e-03 -3.33468430e-03 -1.42177369e-03
  1.19476463e-03  4.53463523e-03  8.59437976e-03  1.34246312e-02  1.91296972e-02
  2.53709164e-02  3.22146416e-02  3.96443047e-02  4.76551205e-02  5.62361367e-02
  6.53735623e-02  7.50498101e-02  8.52432027e-02  9.59274545e-02  1.07071027e-01
  1.18636452e-01  1.30579531e-01  1.42848492e-01  1.55383229e-01  1.68114662e-01
  1.80964336e-01  1.93844542e-01  2.06659064e-01  2.19304740e-01  2.31673956e-01
  2.43657872e-01  2.55150199e-01  2.66050965e-01  2.76269704e-01  2.85727531e-01
  2.94357985e-01  3.02106529e-01  3.08929652e-01  3.14794302e-01  3.19678456e-01
  1.04347512e-01  1.06167056e-01  1.00869708e-01  9.32053402e-02  8.59464556e-02
  7.90738091e-02  7.25500435e-02  6.63414672e-02  6.04197159e-02  5.47617190e-02
  4.93492037e-02  4.41681221e-02  3.92080508e-02  3.44616286e-02  2.99239717e-02
  2.55919136e-02  2.14627963e-02  1.75318904e-02  1.37863988e-02  1.05160875e-02
  7.74691673e-03  5.49582625e-03  3.77846509e-03  2.61159777e-03  2.01378646e-03
  2.00571003e-03  2.60944990e-03  3.84820742e-03  5.75189199e-03  8.35280679e-03
  1.16694150e-02  1.57917328e-02  2.04206612e-02  2.56384462e-02  3.14809158e-02
  3.79237570e-02  4.49628830e-02  5.25928363e-02  6.08080849e-02  6.96012527e-02
  7.89624974e-02  8.88788328e-02  9.93333682e-02  1.10304512e-01  1.21764980e-01
  1.33680522e-01  1.46008551e-01  1.58696473e-01  1.71679914e-01  1.84880897e-01
  1.98206395e-01  2.11547270e-01  2.24778473e-01  2.37760842e-01  2.50345021e-01
  2.62377739e-01  2.73710042e-01  2.84206420e-01  2.93753654e-01  3.02267581e-01
  3.09696883e-01  3.16023111e-01  3.21257859e-01  3.25436980e-01  3.28614295e-01
  9.91041586e-02  1.00968450e-01  9.53311920e-02  8.77237171e-02  8.06361511e-02
  7.40138888e-02  6.78125620e-02  6.19876795e-02  5.64997606e-02  5.13162762e-02
  4.64117862e-02  4.17671986e-02  3.73687558e-02  3.32070552e-02  2.92761307e-02
  2.55727228e-02  2.20958367e-02  1.88470054e-02  1.58326197e-02  1.30722132e-02
  1.08641908e-02  9.20501910e-03  8.10151920e-03  7.56514957e-03  7.60979438e-03
  8.25553946e-03  9.52269882e-03  1.14126811e-02  1.39752645e-02  1.73080470e-02
  2.11265050e-02  2.55013835e-02  3.04345265e-02  3.59417610e-02  4.20359857e-02
  4.87215035e-02  5.60008101e-02  6.38750046e-02  7.23439604e-02  8.14060569e-02
  9.10577551e-02  1.01292990e-01  1.12102464e-01  1.23472638e-01  1.35384515e-01
  1.47811905e-01  1.60719410e-01  1.74059674e-01  1.87770218e-01  2.01769724e-01
  2.15953961e-01  2.30192110e-01  2.44324133e-01  2.58160859e-01  2.71488458e-01
  2.84078866e-01  2.95706272e-01  3.06167424e-01  3.15301865e-01  3.23007673e-01
  3.29249769e-01  3.34059536e-01  3.37525845e-01  3.39779526e-01  3.40973943e-01
  9.07053947e-02  9.23248380e-02  8.70390609e-02  7.96932429e-02  7.29888380e-02
  6.68480620e-02  6.11867160e-02  5.59342466e-02  5.10362945e-02  4.64529209e-02
  4.21557464e-02  3.81252505e-02  3.43486033e-02  3.08179930e-02  2.75293048e-02
  2.44810097e-02  2.16730442e-02  1.91052500e-02  1.67744849e-02  1.46680102e-02
  1.30860992e-02  1.20551130e-02  1.15926731e-02  1.17121860e-02  1.24092968e-02
  1.37247751e-02  1.57446899e-02  1.82117540e-02  2.12019216e-02  2.47518625e-02
  2.88479775e-02  3.34965698e-02  3.87051255e-02  4.44832928e-02  5.08408323e-02
  5.77862784e-02  6.53272495e-02  7.34706223e-02  8.22226629e-02  9.15889218e-02
  1.01574041e-01  1.12181373e-01  1.23412423e-01  1.35265931e-01  1.47736698e-01
  1.60813719e-01  1.74477667e-01  1.88697442e-01  2.03425318e-01  2.18590602e-01
  2.34091595e-01  2.49785751e-01  2.65479267e-01  2.80918390e-01  2.95787871e-01
  3.09723526e-01  3.22345108e-01  3.33305091e-01  3.42338353e-01  3.49297464e-01
  3.54168236e-01  3.57067347e-01  3.58223140e-01  3.57937753e-01  3.56536418e-01
  7.92193785e-02  8.04606304e-02  7.53701180e-02  6.86221421e-02  6.27212152e-02
  5.74412532e-02  5.26265316e-02  4.81825545e-02  4.40524518e-02  4.02019285e-02
  3.66105996e-02  3.32670175e-02  3.01657151e-02  2.73054466e-02  2.46880874e-02
  2.23179795e-02  2.02015284e-02  1.83470380e-02  1.67648345e-02  1.54681047e-02
  1.44759929e-02  1.40767852e-02  1.42817246e-02  1.51530597e-02  1.64460186e-02
  1.82249043e-02  2.05210783e-02  2.33230200e-02  2.66401991e-02  3.04845590e-02
  3.48639190e-02  3.97871062e-02  4.52639349e-02  5.13051525e-02  5.79221174e-02
  6.51265010e-02  7.29302466e-02  8.13456848e-02  9.03856233e-02  1.00063458e-01
  1.10393241e-01  1.21389642e-01  1.33067787e-01  1.45442843e-01  1.58529326e-01
  1.72339752e-01  1.86882615e-01  2.02158973e-01  2.18157262e-01  2.34845191e-01
  2.52157688e-01  2.69978851e-01  2.88116276e-01  3.06266159e-01  3.23974937e-01
  3.40621561e-01  3.55473548e-01  3.67839605e-01  3.77225518e-01  3.83396119e-01
  3.86372596e-01  3.86425108e-01  3.84062856e-01  3.79967093e-01  3.74832243e-01
  6.29152805e-02  6.31385669e-02  5.88015243e-02  5.40035032e-02  4.98371683e-02
  4.59866077e-02  4.23694551e-02  3.89570855e-02  3.57407741e-02  3.27205658e-02
  2.99008116e-02  2.72881743e-02  2.48907506e-02  2.27177385e-02  2.07794476e-02
  1.90875586e-02  1.76556632e-02  1.65002048e-02  1.56421345e-02  1.51099237e-02
  1.49451913e-02  1.52132083e-02  1.59498416e-02  1.71712041e-02  1.88597888e-02
  2.10205894e-02  2.36630607e-02  2.67944951e-02  3.04242130e-02  3.45628150e-02
  3.92212532e-02  4.44110893e-02  5.01446389e-02  5.64350300e-02  6.32962584e-02
  7.07432553e-02  7.87920281e-02  8.74599069e-02  9.67658833e-02  1.06731005e-01
  1.17378794e-01  1.28735766e-01  1.40831888e-01  1.53701156e-01  1.67381883e-01
  1.81916937e-01  1.97353452e-01  2.13741675e-01  2.31132343e-01  2.49571219e-01
  2.69089043e-01  2.89683133e-01  3.11284274e-01  3.33694786e-01  3.56461346e-01
  3.78597826e-01  3.98292452e-01  4.13746595e-01  4.24153537e-01  4.29315448e-01
  4.29321289e-01  4.24551338e-01  4.15923268e-01  4.05231148e-01  3.94363493e-01
  4.17115204e-02  3.95032093e-02  3.86748314e-02  3.74893360e-02  3.55996042e-02
  3.33992615e-02  3.10786013e-02  2.87432987e-02  2.64603924e-02  2.42766757e-02
  2.22270899e-02  2.03391071e-02  1.86353624e-02  1.71354190e-02  1.58571042e-02
  1.48176299e-02  1.40345860e-02  1.35269221e-02  1.33159272e-02  1.34261018e-02
  1.38854748e-02  1.47239743e-02  1.59661137e-02  1.76292527e-02  1.97240002e-02
  2.22609043e-02  2.52510495e-02  2.87057552e-02  3.26369591e-02  3.70572694e-02
  4.19799127e-02  4.74187583e-02  5.33884093e-02  5.99043034e-02  6.69828951e-02
  7.46418685e-02  8.29004869e-02  9.17800143e-02  1.01304330e-01  1.11500598e-01
  1.22400209e-01  1.34039789e-01  1.46462560e-01  1.59719899e-01  1.73873231e-01
  1.88996434e-01  2.05178559e-01  2.22527146e-01  2.41171777e-01  2.61267573e-01
  2.82997698e-01  3.06572974e-01  3.32227439e-01  3.60210598e-01  3.90799463e-01
  4.24470127e-01  4.54432815e-01  4.74348307e-01  4.85802442e-01  4.89624947e-01
  4.85114157e-01  4.72920597e-01  4.51995820e-01  4.28582728e-01  4.10478473e-01
  2.61531305e-02  2.31248233e-02  2.27784906e-02  2.27096900e-02  2.20202636e-02
  2.09175609e-02  1.95700619e-02  1.81037690e-02  1.66113116e-02  1.51612516e-02
  1.38050932e-02  1.25822751e-02  1.15237739e-02  1.06547792e-02  9.99671500e-03
  9.56879929e-03  9.38925054e-03  9.47621278e-03  9.84840188e-03  1.05254371e-02
  1.15276882e-02  1.28754750e-02  1.45876566e-02  1.66809559e-02  1.91701781e-02
  2.20693201e-02  2.53922381e-02  2.91529559e-02  3.33658904e-02  3.80459540e-02
  4.32085581e-02  4.88696620e-02  5.50458096e-02  6.17542453e-02  6.90131187e-02
  7.68417791e-02  8.52612630e-02  9.42948461e-02  1.03968881e-01  1.14313766e-01
  1.25365153e-01  1.37165546e-01  1.49766117e-01  1.63229316e-01  1.77631944e-01
  1.93069503e-01  2.09661976e-01  2.27561742e-01  2.46964604e-01  2.68125147e-01
  2.91377693e-01  3.17163169e-01  3.46059412e-01  3.78806561e-01  4.16320562e-01
  4.56571788e-01  4.86976326e-01  5.07295132e-01  5.18105268e-01  5.18997192e-01
  5.10257483e-01  4.90423620e-01  4.61355656e-01  4.36191857e-01  4.15758282e-01
  1.39557542e-02  1.03826430e-02  9.95316077e-03  1.00519499e-02  9.73492581e-03
  9.11386032e-03  8.29776097e-03  7.38415215e-03  6.45406544e-03  5.57185942e-03
  4.78735892e-03  4.13878867e-03  3.65569699e-03  3.36151407e-03  3.27562517e-03
  3.41495057e-03  3.79510084e-03  4.43117414e-03  5.33825578e-03  6.53166743e-03
  8.02697986e-03  9.83983558e-03  1.19856903e-02  1.44796986e-02  1.73368324e-02
  2.05721799e-02  2.42012125e-02  2.82399449e-02  3.27049829e-02  3.76134813e-02
  4.29830402e-02  4.88315709e-02  5.51772267e-02  6.20384105e-02  6.94339201e-02
  7.73832723e-02  8.59071985e-02  9.50283706e-02  1.04772322e-01  1.15168564e-01
  1.26252010e-01  1.38064623e-01  1.50657564e-01  1.64093792e-01  1.78451642e-01
  1.93829432e-01  2.10352212e-01  2.28181154e-01  2.47527793e-01  2.68675923e-01
  2.92016715e-01  3.18107128e-01  3.47765714e-01  3.82195771e-01  4.22693193e-01
  4.58329797e-01  4.84891415e-01  5.02458870e-01  5.10771036e-01  5.09774327e-01
  4.97792184e-01  4.73870814e-01  4.48112786e-01  4.26478028e-01  4.08163369e-01
  4.02848190e-03 -5.64189213e-05 -1.00418541e-03 -1.13914290e-03 -1.53101026e-03
 -2.09487742e-03 -2.74101319e-03 -3.39000439e-03 -3.97755858e-03 -4.45493730e-03
 -4.78677871e-03 -4.94788866e-03 -4.92004538e-03 -4.68933675e-03 -4.24420089e-03
 -3.57412710e-03 -2.66888575e-03 -1.51812506e-03 -1.11191730e-04  1.56293472e-03
  3.51567287e-03  5.75888436e-03  8.30497127e-03  1.11670457e-02  1.43591641e-02
  1.78965535e-02  2.17957553e-02  2.60746405e-02  3.07522304e-02  3.58483866e-02
  4.13833819e-02  4.73774336e-02  5.38503192e-02  6.08211048e-02  6.83081597e-02
  7.63293803e-02  8.49027783e-02  9.40472335e-02  1.03783607e-01  1.14135884e-01
  1.25132620e-01  1.36808395e-01  1.49205610e-01  1.62376478e-01  1.76385537e-01
  1.91312805e-01  2.07257926e-01  2.24346012e-01  2.42735609e-01  2.62630671e-01
  2.84299105e-01  3.08104664e-01  3.34572762e-01  3.64602804e-01  3.96630704e-01
  4.23397511e-01  4.43822324e-01  4.57502276e-01  4.64299232e-01  4.63111967e-01
  4.53553051e-01  4.36372340e-01  4.19752598e-01  4.04462636e-01  3.90597373e-01
 -4.53965971e-03 -9.27342195e-03 -1.07429735e-02 -1.14180204e-02 -1.22446502e-02
 -1.30931968e-02 -1.38578210e-02 -1.44642470e-02 -1.48681989e-02 -1.50481975e-02
 -1.49972951e-02 -1.47160906e-02 -1.42077506e-02 -1.34749757e-02 -1.25185223e-02
 -1.13368109e-02 -9.92619805e-03 -8.28152988e-03 -6.39669644e-03 -4.26502479e-03
 -1.87939813e-03  7.67898571e-04  3.68556939e-03  6.88384287e-03  1.03750369e-02
  1.41740199e-02  1.82984583e-02  2.27687359e-02  2.76075415e-02  3.28390747e-02
  3.84880267e-02  4.45784256e-02  5.11325710e-02  5.81702627e-02  6.57084659e-02
  7.37614706e-02  8.23415890e-02  9.14602801e-02  1.01129435e-01  1.11362845e-01
  1.22177556e-01  1.33595079e-01  1.45642415e-01  1.58352986e-01  1.71767280e-01
  1.85933441e-01  2.00907350e-01  2.16752157e-01  2.33535931e-01  2.51325965e-01
  2.70174652e-01  2.90086120e-01  3.10936421e-01  3.32298726e-01  3.53105813e-01
  3.71528149e-01  3.86383832e-01  3.97001624e-01  4.02977794e-01  4.04150754e-01
  4.00756180e-01  3.94091576e-01  3.85732740e-01  3.76691550e-01  3.67579997e-01
 -1.15130488e-02 -1.70518644e-02 -1.95199903e-02 -2.12559327e-02 -2.30080318e-02
 -2.45197993e-02 -2.56455299e-02 -2.63347663e-02 -2.65978873e-02 -2.64744237e-02
 -2.60120407e-02 -2.52546929e-02 -2.42369957e-02 -2.29825955e-02 -2.15050392e-02
 -1.98099893e-02 -1.78978909e-02 -1.57664623e-02 -1.34126069e-02 -1.08335335e-02
 -8.02704226e-03 -4.99104708e-03 -1.72254001e-03  1.78376341e-03  5.53679327e-03
  9.55025386e-03  1.38432812e-02  1.84404682e-02  2.33711060e-02  2.86676493e-02
  3.43634896e-02  4.04903926e-02  4.70760092e-02  5.41419908e-02  6.17030449e-02
  6.97671175e-02  7.83366710e-02  8.74106511e-02  9.69868526e-02  1.07064046e-01
  1.17643639e-01  1.28730610e-01  1.40333772e-01  1.52465448e-01  1.65140420e-01
  1.78374231e-01  1.92180350e-01  2.06565768e-01  2.21523836e-01  2.37022683e-01
  2.52986699e-01  2.69267917e-01  2.85606444e-01  3.01588982e-01  3.16639960e-01
  3.30099493e-01  3.41368020e-01  3.50006253e-01  3.55772197e-01  3.58644664e-01
  3.58849525e-01  3.56843233e-01  3.53199005e-01  3.48463476e-01  3.43080550e-01
 -1.60996430e-02 -2.24590395e-02 -2.72373930e-02 -3.13705429e-02 -3.49630080e-02
 -3.75815555e-02 -3.91437709e-02 -3.97904664e-02 -3.97074036e-02 -3.90652716e-02
 -3.80031690e-02 -3.66243273e-02 -3.49973105e-02 -3.31609435e-02 -3.11316587e-02
 -2.89114676e-02 -2.64952499e-02 -2.38764603e-02 -2.10510008e-02 -1.80191323e-02
 -1.47855645e-02 -1.13578876e-02 -7.74385640e-03 -3.94814136e-03  3.07994815e-05
  4.20325948e-03  8.58995225e-03  1.32225594e-02  1.81428213e-02  2.33998001e-02
  2.90452875e-02  3.51280048e-02  4.16878313e-02  4.87514101e-02  5.63299954e-02
  6.44199774e-02  7.30058849e-02  8.20652097e-02  9.15735364e-02  1.01508781e-01
  1.11853525e-01  1.22595564e-01  1.33727103e-01  1.45242944e-01  1.57138035e-01
  1.69404447e-01  1.82027504e-01  1.94980830e-01  2.08219841e-01  2.21673369e-01
  2.35233247e-01  2.48742923e-01  2.61987925e-01  2.74694175e-01  2.86541224e-01
  2.97194481e-01  3.06348860e-01  3.13770235e-01  3.19325417e-01  3.22998315e-01
  3.24890375e-01  3.25202614e-01  3.24199170e-01  3.22163910e-01  3.19364995e-01
 -1.98478885e-02 -2.74462029e-02 -3.53389420e-02 -4.36143354e-02 -5.14990091e-02
 -5.47961704e-02 -5.59956394e-02 -5.58133796e-02 -5.47084957e-02 -5.30114733e-02
 -5.09589501e-02 -4.87041436e-02 -4.63267080e-02 -4.38497290e-02 -4.12606187e-02
 -3.85301895e-02 -3.56269479e-02 -3.25265564e-02 -2.92174928e-02 -2.57034898e-02
 -2.20025908e-02 -1.81427468e-02 -1.41547713e-02 -1.00646298e-02 -5.88693563e-03
 -1.62033713e-03  2.75570760e-03  7.28322612e-03  1.20263984e-02  1.70683004e-02
  2.25014742e-02  2.84134801e-02  3.48724648e-02  4.19171825e-02  4.95525785e-02
  5.77509403e-02  6.64594397e-02  7.56134242e-02  8.51505250e-02  9.50198099e-02
  1.05184190e-01  1.15618326e-01  1.26304671e-01  1.37229308e-01  1.48377940e-01
  1.59732178e-01  1.71265781e-01  1.82940856e-01  1.94703549e-01  2.06479803e-01
  2.18171135e-01  2.29651809e-01  2.40768448e-01  2.51344264e-01  2.61188865e-01
  2.70113647e-01  2.77950287e-01  2.84569114e-01  2.89893091e-01  2.93905675e-01
  2.96650797e-01  2.98224777e-01  2.98762202e-01  2.98418403e-01  2.97353387e-01
 -2.34537460e-02 -3.24897878e-02 -4.28093374e-02 -5.49526699e-02 -6.87018931e-02
 -7.66793340e-02 -7.75008798e-02 -7.48668984e-02 -7.15434551e-02 -6.79275766e-02
 -6.43387288e-02 -6.09458052e-02 -5.77648394e-02 -5.47157750e-02 -5.16841300e-02
 -4.85594645e-02 -4.52527925e-02 -4.17038538e-02 -3.78859192e-02 -3.38100456e-02
 -2.95252334e-02 -2.51082927e-02 -2.06432603e-02 -1.62004270e-02 -1.18247746e-02
 -7.53303431e-03 -3.31245083e-03  8.84795445e-04  5.15358197e-03  9.64621920e-03
  1.45564089e-02  2.00679060e-02  2.63104998e-02  3.33476849e-02  4.11743410e-02
  4.97108810e-02  5.88110015e-02  6.83073848e-02  7.80665055e-02  8.80055428e-02
  9.80801210e-02  1.08268172e-01  1.18558116e-01  1.28941312e-01  1.39407068e-01
  1.49939135e-01  1.60512999e-01  1.71093494e-01  1.81632832e-01  1.92068934e-01
  2.02324420e-01  2.12306812e-01  2.21910313e-01  2.31019780e-01  2.39516929e-01
  2.47288436e-01  2.54234880e-01  2.60279447e-01  2.65374631e-01  2.69505978e-01
  2.72692442e-01  2.74983048e-01  2.76450723e-01  2.77184606e-01  2.77282029e-01
 -2.47895494e-02 -3.42944637e-02 -4.53475229e-02 -5.86203150e-02 -7.46252909e-02
 -8.68884698e-02 -9.35074911e-02 -9.42161381e-02 -8.89685228e-02 -8.21829364e-02
 -7.64938593e-02 -7.20410198e-02 -6.84540868e-02 -6.52989149e-02 -6.22359253e-02
 -5.90322241e-02 -5.55288345e-02 -5.16176522e-02 -4.72390540e-02 -4.24023271e-02
 -3.72221023e-02 -3.19178291e-02 -2.67182868e-02 -2.17721667e-02 -1.71510205e-02
 -1.28839891e-02 -8.98001716e-03 -5.43093169e-03 -2.18383083e-03  9.90477740e-04
  4.68591694e-03  9.37092863e-03  1.52140642e-02  2.22887173e-02  3.06198411e-02
  4.01156619e-02  5.03201187e-02  6.06490560e-02  7.08998963e-02  8.10422972e-02
  9.10885930e-02  1.01060070e-01  1.10975891e-01  1.20848700e-01  1.30682737e-01
  1.40472829e-01  1.50203854e-01  1.59850314e-01  1.69376120e-01  1.78734630e-01
  1.87869221e-01  1.96714371e-01  2.05197766e-01  2.13243261e-01  2.20774785e-01
  2.27720901e-01  2.34019592e-01  2.39622638e-01  2.44499058e-01  2.48637140e-01
  2.52044767e-01  2.54748017e-01  2.56788403e-01  2.58219153e-01  2.59101093e-01
 -2.32018381e-02 -3.19997482e-02 -4.19036672e-02 -5.30700684e-02 -6.54895604e-02
 -7.88478777e-02 -9.07553434e-02 -9.70197245e-02 -9.69677791e-02 -9.00396481e-02
 -8.34178552e-02 -7.97428936e-02 -7.75489584e-02 -7.54759237e-02 -7.31466115e-02
 -7.03806430e-02 -6.70360178e-02 -6.29710406e-02 -5.80294020e-02 -5.20468019e-02
 -4.49866131e-02 -3.78369205e-02 -3.14488038e-02 -2.58301534e-02 -2.09177248e-02
 -1.66773703e-02 -1.31232273e-02 -1.03335110e-02 -8.48632306e-03 -7.89194554e-03
 -6.17905380e-03 -2.57392786e-03  2.70479941e-03  9.80811473e-03  1.88144054e-02
  3.00029125e-02  4.25138287e-02  5.39407320e-02  6.46740794e-02  7.49321729e-02
  8.48519281e-02  9.45244059e-02  1.04010433e-01  1.13348737e-01  1.22560807e-01
  1.31653950e-01  1.40623406e-01  1.49453789e-01  1.58120334e-01  1.66589960e-01
  1.74822509e-01  1.82772130e-01  1.90389171e-01  1.97622284e-01  2.04421043e-01
  2.10738569e-01  2.16534376e-01  2.21776679e-01  2.26444349e-01  2.30528101e-01
  2.34030724e-01  2.36966535e-01  2.39360094e-01  2.41244242e-01  2.42658004e-01
 -1.92997921e-02 -2.67846659e-02 -3.49220298e-02 -4.36951034e-02 -5.29830754e-02
 -6.25461861e-02 -7.20367059e-02 -8.10257271e-02 -8.62792358e-02 -8.34529698e-02
 -8.00121874e-02 -7.95827210e-02 -8.04648250e-02 -8.01604018e-02 -7.89640248e-02
 -7.69499540e-02 -7.40597472e-02 -7.01678470e-02 -6.50610328e-02 -5.83326519e-02
 -4.92240041e-02 -4.02412340e-02 -3.30572575e-02 -2.70974133e-02 -2.20772829e-02
 -1.78747214e-02 -1.44753065e-02 -1.19638732e-02 -1.05452295e-02 -1.04883742e-02
 -9.31878481e-03 -6.12002285e-03 -1.09554816e-03  5.83322393e-03  1.47961294e-02
  2.61020269e-02  3.86920273e-02  5.00620008e-02  6.05664477e-02  7.04664737e-02
  7.99347535e-02  8.90863985e-02  9.79977325e-02  1.06717296e-01  1.15273051e-01
  1.23677269e-01  1.31930068e-01  1.40021831e-01  1.47935122e-01  1.55646041e-01
  1.63125664e-01  1.70341328e-01  1.77258104e-01  1.83840379e-01  1.90053493e-01
  1.95865467e-01  2.01248676e-01  2.06181213e-01  2.10648030e-01  2.14641675e-01
  2.18162522e-01  2.21218541e-01  2.23824605e-01  2.26001561e-01  2.27775007e-01
  8.59090686e-01  8.75966370e-01  8.87100756e-01  9.01125848e-01  9.15677249e-01
  9.30827081e-01  9.46560621e-01  9.62864816e-01  9.80044305e-01  9.97237027e-01
  1.01537788e+00  1.03378439e+00  1.05320191e+00  1.07296920e+00  1.09376979e+00
  1.11518645e+00  1.13748419e+00  1.16045332e+00  1.18428838e+00  1.20914173e+00
  1.23478305e+00  1.26147211e+00  1.28916276e+00  1.31794763e+00  1.34781706e+00
  1.37891579e+00  1.41126668e+00  1.44490564e+00  1.47995055e+00  1.51645923e+00
  1.55450344e+00  1.59422123e+00  1.63563347e+00  1.67893910e+00  1.72417593e+00
  1.77142477e+00  1.82090914e+00  1.87280607e+00  1.92710376e+00  1.98409069e+00
  2.04388022e+00  2.10682988e+00  2.17290735e+00  2.24251366e+00  2.31589437e+00
  2.39311671e+00  2.47519732e+00  2.56134892e+00  2.65284061e+00  2.74984670e+00
  2.85323286e+00  2.96240449e+00  3.07915616e+00  3.20429206e+00  3.33822656e+00
  3.48180246e+00  3.63868737e+00  3.80740070e+00  3.99381638e+00  4.19936371e+00
  4.43249655e+00  4.70399046e+00  5.04451942e+00  5.52718925e+00  7.88336086e+00
   84  117
  1.09416616e+00 -1.00000001e-01  1.09955204e+00  0.00000000e+00  1.10562503e+00
  5.96495979e-02  1.11842465e+00  1.50000006e-01  1.13218749e+00  2.22469136e-01
  1.14981627e+00  3.00000012e-01  1.16306090e+00  3.49999994e-01  1.18531251e+00
  4.27882284e-01  1.20790946e+00  5.00000000e-01  1.22470713e+00  5.50000012e-01
  1.24188924e+00  6.00000024e-01  1.26499999e+00  6.69565856e-01  1.29156256e+00
  7.44944215e-01  1.30990708e+00  8.00000012e-01  1.32666445e+00  8.50000024e-01
  1.34468746e+00  9.17321384e-01  1.37344241e+00  9.94474292e-01  1.42437506e+00
  9.69886482e-01  1.45093751e+00  9.46979344e-01  1.50406253e+00  9.13559735e-01
  1.53062499e+00  8.93575191e-01  1.58375001e+00  8.56710732e-01  1.61031246e+00
  8.36807370e-01  1.65798271e+00  8.00000012e-01  1.69000006e+00  7.76850402e-01
  1.72364211e+00  7.50000000e-01  1.76968753e+00  7.13649988e-01  1.79624999e+00
  6.91190600e-01  1.84398222e+00  6.49999976e-01  1.87593746e+00  6.22407556e-01
  1.90250003e+00  5.97483575e-01  1.95156622e+00  5.50000012e-01  1.98218751e+00
  5.18982291e-01  2.00874996e+00  4.89652216e-01  2.04255438e+00  4.49999988e-01
  2.08065438e+00  4.00000006e-01  2.11500001e+00  3.50546330e-01  2.14156246e+00
  3.06531549e-01  2.16812491e+00  2.56548852e-01  2.19344258e+00  2.00000003e-01
  2.21260762e+00  1.50000006e-01  2.22811913e+00  1.00000001e-01  2.24592566e+00
  0.00000000e+00  2.24921060e+00 -5.00000007e-02  2.24742579e+00 -1.00000001e-01
  2.23433542e+00 -2.00000003e-01  2.22125006e+00 -2.56895274e-01  2.19468760e+00
 -3.42630565e-01  2.17371559e+00 -4.00000006e-01  2.15212512e+00 -4.49999988e-01
  2.12742901e+00 -5.00000000e-01  2.09913874e+00 -5.50000012e-01  2.06663823e+00
 -6.00000024e-01  2.03531241e+00 -6.41699433e-01  2.00874996e+00 -6.74431145e-01
  1.98218751e+00 -7.04524159e-01  1.93701363e+00 -7.50000000e-01  1.90250003e+00
 -7.81913161e-01  1.87593746e+00 -8.04494143e-01  1.82281256e+00 -8.44274819e-01
  1.79624999e+00 -8.62889826e-01  1.74312496e+00 -8.94134164e-01  1.71656251e+00
 -9.08468246e-01  1.66343749e+00 -9.31110203e-01  1.61031246e+00 -9.47545469e-01
  1.58375001e+00 -9.54598248e-01  1.53062499e+00 -9.62245345e-01  1.47749996e+00
 -9.61875796e-01  1.42437506e+00 -9.51972187e-01  1.39781249e+00 -9.42218542e-01
  1.34468746e+00 -9.13246393e-01  1.31812501e+00 -8.90371144e-01  1.28296280e+00
 -8.50000024e-01  1.25097263e+00 -8.00000012e-01  1.22485483e+00 -7.50000000e-01
  1.20191395e+00 -6.99999988e-01  1.18114769e+00 -6.49999976e-01  1.15875006e+00
 -5.88934481e-01  1.13218749e+00 -5.05091250e-01  1.11879504e+00 -4.49999988e-01
  1.10562503e+00 -3.72689188e-01  1.09776485e+00 -3.00000012e-01  1.09353757e+00
 -2.00000003e-01  1.09416616e+00 -1.00000001e-01
  1.01600003e+00  0.00000000e+00  1.01600003e+00  9.63999987e-01  1.01600003e+00
  9.67999995e-01  1.01600003e+00  1.00100005e+00  1.01600003e+00  1.01900005e+00
  1.01600003e+00  1.07700002e+00  1.01600003e+00  1.07000005e+00  1.01600003e+00
  1.09599996e+00  1.01600003e+00  1.11300004e+00  1.01600003e+00  1.13800001e+00
  1.01600003e+00  1.14699996e+00  1.01199996e+00  1.16499996e+00  1.00100005e+00
  1.21700001e+00  1.02900004e+00  1.21700001e+00  1.04200006e+00  1.16240001e+00
  1.04600000e+00  1.16237998e+00  1.05599999e+00  1.16260004e+00  1.09700000e+00
  1.16450000e+00  1.10800004e+00  1.16594005e+00  1.11600006e+00  1.16591001e+00
  1.13399994e+00  1.16895998e+00  1.14800000e+00  1.17174995e+00  1.16199994e+00
  1.17556000e+00  1.18099999e+00  1.18299997e+00  1.18200004e+00  1.18350005e+00
  1.18499994e+00  1.18499994e+00  1.19000006e+00  1.18799996e+00  1.19500005e+00
  1.19099998e+00  1.20099998e+00  1.19599998e+00  1.20899999e+00  1.20200002e+00
  1.21500003e+00  1.20799994e+00  1.22200000e+00  1.21399999e+00  1.22800004e+00
  1.22099996e+00  1.23399997e+00  1.23099995e+00  1.23899996e+00  1.23800004e+00
  1.24199998e+00  1.24399996e+00  1.24800003e+00  1.25399995e+00  1.25800002e+00
  1.27800000e+00  1.26300001e+00  1.28999996e+00  1.27999997e+00  1.33099997e+00
  1.27999997e+00  1.34700000e+00  1.27999997e+00  1.34800005e+00  1.30999994e+00
  1.34800005e+00  1.32799995e+00  1.34800005e+00  1.36099994e+00  1.34800005e+00
  1.38000000e+00  1.34800005e+00  1.41900003e+00  1.34800005e+00  1.41900003e+00
  1.30999994e+00  1.37199998e+00  1.30999994e+00  1.37167001e+00  1.29237998e+00
  1.37003005e+00  1.28268003e+00  1.36688006e+00  1.25644004e+00  1.36719000e+00
  1.22955000e+00  1.37178004e+00  1.19576001e+00  1.37223995e+00  1.19402003e+00
  1.38662004e+00  1.16487002e+00  1.38707995e+00  1.16420996e+00  1.40382004e+00
  1.15696001e+00  1.41127002e+00  1.15730000e+00  1.41857004e+00  1.16131997e+00
  1.42100000e+00  1.16400003e+00  1.48662996e+00  1.24049997e+00  1.49730003e+00
  1.23458004e+00  1.49761999e+00  1.23427999e+00  1.49744999e+00  1.23174000e+00
  1.49275005e+00  1.21329999e+00  1.49259996e+00  1.21061003e+00  1.49260998e+00
  1.20485997e+00  1.49278998e+00  1.20213997e+00  1.49339998e+00  1.19641995e+00
  1.49469995e+00  1.18510997e+00  1.49621999e+00  1.16069996e+00  1.47981000e+00
  1.12425995e+00  1.48081994e+00  1.12256002e+00  1.48149002e+00  1.12137997e+00
  1.48645997e+00  1.11691999e+00  1.49094999e+00  1.11439002e+00  1.50304997e+00
  1.11243999e+00  1.59696996e+00  1.09489000e+00  1.62549996e+00  1.08529997e+00
  1.63751996e+00  1.07988000e+00  1.64699996e+00  1.07700002e+00  1.78499997e+00
  1.07700002e+00  2.06999993e+00  1.03999996e+00  2.12800002e+00  9.92999971e-01
  2.24499989e+00  7.08999991e-01  2.33956003e+00  4.61430013e-01  2.34707999e+00
  4.15829986e-01  2.34912992e+00  2.72179991e-01  2.35103011e+00  1.70179993e-01
  2.35157990e+00  7.01199993e-02  2.35124993e+00 -3.17899995e-02  2.35050988e+00
 -1.44350007e-01  2.34964991e+00 -2.14829996e-01  2.34870005e+00 -3.26689988e-01
  2.34759998e+00 -3.86770010e-01  2.34019995e+00 -4.53040004e-01  2.32942009e+00
 -4.77569997e-01  2.13400006e+00 -9.72999990e-01  1.78600001e+00 -1.17400002e+00
  1.76800001e+00 -1.21099997e+00  1.76800001e+00 -1.25000000e+00  1.68200004e+00
 -1.25000000e+00  1.37199998e+00 -1.25000000e+00  1.37199998e+00 -1.32900000e+00
  1.41999996e+00 -1.32900000e+00  1.41999996e+00 -1.36300004e+00  1.27300000e+00
 -1.36300004e+00  1.15300000e+00 -1.36300004e+00  1.01600003e+00 -1.22300005e+00
  1.01600003e+00 -1.22300005e+00  1.01600003e+00 -8.29999983e-01  1.01600003e+00
 -8.00000012e-01  1.01600003e+00 -4.14999992e-01  1.01600003e+00 -4.00000006e-01
  1.01600003e+00 -1.00000005e-03  1.01600003e+00  0.00000000e+00
    0 0.000000000e+00    0
  0.00000000e+00  8.01896006e-02  1.14237614e-01  1.40560880e-01  1.63052291e-01
  1.83129281e-01  2.01510906e-01  2.18643576e-01  2.33485922e-01  2.48919547e-01
  2.63803840e-01  2.78081268e-01  2.91930199e-01  3.05399537e-01  3.18527818e-01
  3.31370920e-01  3.44015092e-01  3.56402725e-01  3.68633449e-01  3.80724370e-01
  3.92690837e-01  4.04520899e-01  4.16274339e-01  4.27969217e-01  4.39590663e-01
  4.51155961e-01  4.62718427e-01  4.74242479e-01  4.85770822e-01  4.97296184e-01
  5.08828640e-01  5.20418525e-01  5.32011867e-01  5.43666780e-01  5.55383086e-01
  5.67147434e-01  5.78997731e-01  5.90941966e-01  6.02968812e-01  6.15106106e-01
  6.27353668e-01  6.39753819e-01  6.52264655e-01  6.64929926e-01  6.77769125e-01
  6.90751672e-01  7.03980505e-01  7.17334330e-01  7.30947196e-01  7.44767368e-01
  7.58884668e-01  7.73185194e-01  7.87809312e-01  8.02743852e-01  8.17999661e-01
  8.33548665e-01  8.49579930e-01  8.65925014e-01  8.82786512e-01  9.00128901e-01
  9.18044448e-01  9.36610460e-01  9.56059754e-01  9.76664186e-01  1.00000000e+00
    0
