1.001 1.217
1.029 1.217
1.042 1.1624
1.116 1.16591
1.181 1.183
1.209 1.202
1.239 1.238
1.28 1.331
1.28 1.347
1.419 1.348
1.419 1.31
1.37883 1.31
1.37208 1.26729
1.37247 1.23377
1.386839747428894 1.1763465404510498
1.3898992538452148 1.1682649850845337
1.3971080780029297 1.1645777225494385
1.4066261053085327 1.164272665977478
1.4186547994613647 1.1684226989746094
1.4306793212890625 1.1745948791503906
1.4404882192611694 1.179629921913147
1.4487004280090332 1.1838451623916626
1.4605720043182373 1.195332646369934
1.4701342582702637 1.2046986818313599
1.4779338836669922 1.2123383283615112
1.4844270944595337 1.2186983823776245
1.4898582696914673 1.2240182161331177
1.4943920373916626 1.2284590005874634
1.4981023073196411 1.2320932149887085
1.5029112100601196 1.2368035316467285
1.5026984810829163 1.2359609305858612
1.502485752105713 1.235118329524994
1.5022730231285095 1.2342757284641266
1.5020602941513062 1.2334331274032593
1.5018185138702393 1.232557201385498
1.5015767335891723 1.2316812753677369
1.5013349533081055 1.2308053493499755
1.5010931730270385 1.2299294233322144
1.5008513927459717 1.2290534973144531
1.5006099541982014 1.2281788190205891
1.5003685156504314 1.2273041407267253
1.5001270771026611 1.2264294624328613
1.4998856385548909 1.2255547841389973
1.4996442000071208 1.2246801058451335
1.4994027614593506 1.2238054275512695
1.4991483347756522 1.2228836842945643
1.4988939080919539 1.2219619410378593
1.4986394814082555 1.221040197781154
1.498385054724557 1.220118454524449
1.4981306280408586 1.2191967112677438
1.4978762013571603 1.2182749680110387
1.497621774673462 1.2173532247543335
1.4974626501401265 1.2164384722709656
1.4973035256067913 1.2155237197875977
1.4971444010734558 1.2146089673042297
1.4969852765401204 1.2136942148208618
1.4968261520067851 1.212779462337494
1.4966670274734497 1.211864709854126
1.4966492414474488 1.2109588384628296
1.4966314554214477 1.2100529670715332
1.4966136693954468 1.2091470956802368
1.4965958833694457 1.2082412242889404
1.4965780973434448 1.207335352897644
1.4966371059417725 1.2064210414886474
1.4966961145401 1.205506730079651
1.4967551231384277 1.2045924186706543
1.4968141317367554 1.2036781072616578
1.496873140335083 1.2027637958526611
1.4969763517379762 1.2017586708068848
1.497079563140869 1.2007535457611085
1.4971827745437623 1.199748420715332
1.4972859859466552 1.1987432956695556
1.4973891973495483 1.1977381706237793
1.497490127881368 1.196755309899648
1.4975910584131877 1.1957724491755168
1.4976919889450073 1.1947895884513855
1.497792919476827 1.1938067277272542
1.4978938500086467 1.192823867003123
1.4979947805404663 1.1918410062789917
1.4980967555727278 1.1908480780465263
1.498198730604989 1.1898551498140608
1.4983007056372506 1.1888622215815954
1.498402680669512 1.1878692933491297
1.4985046557017736 1.1868763651166643
1.4986066307340349 1.1858834368841988
1.4987086057662964 1.1848905086517334
1.4988140165805817 1.1838639825582504
1.498919427394867 1.1828374564647675
1.4990248382091522 1.1818109303712845
1.4991302490234375 1.1807844042778015
1.4992356598377228 1.1797578781843185
1.499341070652008 1.1787313520908356
1.4994464814662933 1.1777048259973526
1.4995518922805786 1.1766782999038696
1.49966381655799 1.1755884223514133
1.4997757408354018 1.1744985447989569
1.4998876651128132 1.1734086672465007
1.499999589390225 1.1723187896940443
1.5001115136676364 1.171228912141588
1.500223437945048 1.1701390345891316
1.5003353622224596 1.1690491570366754
1.5004472864998712 1.167959279484219
1.5005592107772827 1.1668694019317627
1.5004650793577496 1.1657802933140804
1.5003709479382163 1.1646911846963983
1.5002768165186833 1.163602076078716
1.50018268509915 1.162512967461034
1.500088553679617 1.1614238588433516
1.4999944222600836 1.1603347502256696
1.4999002908405505 1.1592456416079873
1.4998061594210172 1.158156532990305
1.4997120280014842 1.1570674243726229
1.4996178965819509 1.1559783157549406
1.4995237651624178 1.1548892071372585
1.4994296337428845 1.1538000985195762
1.4993355023233514 1.152710989901894
1.4992413709038181 1.1516218812842118
1.499147239484285 1.1505327726665295
1.4990531080647518 1.1494436640488475
1.4989589766452187 1.1483545554311652
1.4988648452256854 1.147265446813483
1.4987707138061523 1.1461763381958008
1.498734448267066 1.145065416460452
1.4986981827279795 1.143954494725103
1.4986619171888933 1.1428435729897541
1.4986256516498069 1.141732651254405
1.4985893861107205 1.1406217295190562
1.498553120571634 1.1395108077837073
1.4985168550325476 1.1383998860483584
1.4984805894934612 1.1372889643130095
1.498444323954375 1.1361780425776606
1.4984080584152886 1.1350671208423118
1.4983717928762021 1.1339561991069629
1.4983355273371157 1.1328452773716138
1.4982992617980293 1.131734355636265
1.4982629962589429 1.130623433900916
1.4982267307198567 1.1295125121655671
1.4981904651807703 1.1284015904302183
1.4981541996416838 1.1272906686948694
1.4981179341025974 1.1261797469595205
1.498081668563511 1.1250688252241716
1.4980454030244246 1.1239579034888225
1.4980091374853384 1.1228469817534736
1.497972871946252 1.1217360600181248
1.4979366064071655 1.1206251382827759
1.4979366064071655 1.1206251382827759
1.5044807195663452 1.1168721914291382
1.5118125677108765 1.1138758659362793
1.5197081565856934 1.1106491088867188
1.528289556503296 1.1083567142486572
1.5373741388320923 1.106168508529663
1.546931266784668 1.1038665771484375
1.5569069385528564 1.101463794708252
1.5673021078109741 1.0989599227905273
1.5780987739562988 1.0963594913482666
1.5892516374588013 1.0936731100082397
1.60392 1.09014
1.647 1.077
1.662 1.077
1.785 1.077
2.07 1.04
2.128 0.993
2.377 0.389
2.352 0.4
2.353 -0.4
2.377 -0.389
2.134 -0.973
1.786 -1.174
1.768 -1.211
1.768 -1.25
1.57 -1.25
1.372 -1.25
1.372 -1.329
1.42 -1.329
1.42 -1.363
1.22371 -1.36304
1.153 -1.363
1.016 -1.223
1.016 -1.0043
1.016 0.053
1.016 0.279
1.015997 0.7910022999999999
1.016003 1.089261
1.0160040000000001 1.096252
1.016005 1.102437
1.016005 1.107864
1.0160040000000001 1.1125809999999998
1.0160040000000001 1.1166420000000001
1.016003 1.120091
1.0160019999999998 1.12298
1.0160019999999998 1.1253579999999999
1.0160019999999998 1.127282
1.0160019999999998 1.1288
1.016001 1.129963
1.016001 1.130827
1.016001 1.131444
1.016001 1.131869
1.016001 1.132153
1.016001 1.13235
1.016001 1.1325129999999999
1.016001 1.1326679999999998
1.016001 1.132868
1.016001 1.13312
1.016001 1.133432
1.016001 1.133808
1.016001 1.134257
1.016001 1.1347829999999999
1.016 1.135393
1.016 1.1360940000000002
1.016 1.136892
1.016 1.1377950000000001
1.015841 1.138837
1.015619 1.140007
1.015373 1.1413030000000002
1.015102 1.142731
1.014804 1.1442999999999999
1.014478 1.146018
1.014123 1.1478869999999999
1.013738 1.1499139999999999
1.013321 1.152112
1.001 1.217
