1.01346 1.15199 0.982414 1e+10 1.89836e+18 1e+10 7.05161e+16 2.94124e+16 1.02322e+16 8.05078e+15 5.47829e+13 4.29254e+13 -4.85671e+11 -2.54549e+19 -2.0328e+11 -9.45514e+17 -3.94375e+17 -1.37198e+17 -1.07948e+17 -7.3455e+14 -5.7556e+14 0.648006 2.09113e+18
1.01421 1.14782 1.14016 1e+10 2.42209e+18 1e+10 8.54879e+16 3.53478e+16 1.24011e+16 9.87627e+15 6.73198e+13 5.4152e+13 -5.43052e+09 -3.28842e+19 -2.35821e+09 -1.16059e+18 -4.79886e+17 -1.68359e+17 -1.34082e+17 -9.13943e+14 -7.35175e+14 0.754942 2.65565e+18
1.01491 1.14394 1.23508 1e+10 3.43749e+18 1e+10 1.17189e+17 4.72739e+16 1.66585e+16 1.34093e+16 9.11975e+13 7.57148e+13 -2.44231e+11 -4.49538e+19 -1.07194e+11 -1.53249e+18 -6.18198e+17 -2.17841e+17 -1.75352e+17 -1.19258e+15 -9.90112e+14 0.806935 3.75375e+18
1.01556 1.14032 1.33624 1e+10 4.98423e+18 1e+10 1.68603e+17 6.57e+16 2.31535e+16 1.87693e+16 1.27084e+14 1.08667e+14 -1.55322e+11 -6.29481e+19 -6.98631e+10 -2.12916e+18 -8.29681e+17 -2.92391e+17 -2.37026e+17 -1.60486e+15 -1.37228e+15 0.858182 5.43006e+18
1.01592 1.13701 1.40774 1e+10 7.27729e+18 1e+10 2.48566e+17 9.33141e+16 3.28216e+16 2.67058e+16 1.7994e+14 1.57869e+14 6.76271e+10 -8.86129e+19 3.22234e+10 -3.02646e+18 -1.13617e+18 -3.99628e+17 -3.25163e+17 -2.1909e+15 -1.92218e+15 0.934828 7.91962e+18
1.01597 1.13401 1.48842 1e+10 1.07788e+19 1e+10 3.66358e+17 1.3244e+17 4.64302e+16 3.77894e+16 2.53494e+14 2.27127e+14 1.07834e+11 -1.23482e+20 5.3014e+10 -4.19677e+18 -1.51716e+18 -5.31879e+17 -4.32895e+17 -2.90389e+15 -2.60184e+15 0.980446 1.17031e+19
1.01597 1.13126 1.57318 1e+10 1.58738e+19 1e+10 5.28927e+17 1.84316e+17 6.43618e+16 5.22549e+16 3.49186e+14 3.18223e+14 5.31158e+10 -1.69939e+20 2.81815e+10 -5.66243e+18 -1.9732e+18 -6.89031e+17 -5.5942e+17 -3.73824e+15 -3.40676e+15 1.00115 1.71771e+19
1.01597 1.12876 1.65589 1e+10 2.24291e+19 1e+10 7.37598e+17 2.47841e+17 8.61938e+16 6.96778e+16 4.63984e+14 4.28824e+14 3.46668e+10 -2.2045e+20 1.96598e+10 -7.24967e+18 -2.43598e+18 -8.47184e+17 -6.84851e+17 -4.56042e+15 -4.21484e+15 1.02134 2.42046e+19
1.01597 1.12648 1.75919 1e+10 3.00788e+19 1e+10 9.85402e+17 3.19798e+17 1.10809e+17 8.91211e+16 5.91349e+14 5.53531e+14 -1.25161e+10 -2.76349e+20 -7.61976e+09 -9.05347e+18 -2.93818e+18 -1.01807e+18 -8.18812e+17 -5.4331e+15 -5.08564e+15 1.06346 3.2399e+19
1.01597 1.12444 1.85679 1e+10 3.92224e+19 1e+10 1.26589e+18 3.97886e+17 1.37406e+17 1.09904e+17 7.26608e+14 6.88156e+14 8.67132e+09 -3.34613e+20 5.57341e+09 -1.07999e+19 -3.39456e+18 -1.17228e+18 -9.37648e+17 -6.19906e+15 -5.87101e+15 1.08795 4.21437e+19
1.01596 1.12261 1.97237 1e+10 4.88196e+19 1e+10 1.55782e+18 4.75017e+17 1.63447e+17 1.3003e+17 8.56443e+14 8.20197e+14 -7.44714e+09 -3.82916e+20 -4.97529e+09 -1.22191e+19 -3.72593e+18 -1.28204e+18 -1.01993e+18 -6.71777e+15 -6.43346e+15 1.12685 5.23472e+19
1.01596 1.121 2.07407 1e+10 5.84836e+19 1e+10 1.84665e+18 5.45753e+17 1.8698e+17 1.48072e+17 9.71728e+14 9.40319e+14 -5.09058e+09 -4.12795e+20 -3.51196e+09 -1.30346e+19 -3.8522e+18 -1.3198e+18 -1.04517e+18 -6.85894e+15 -6.63724e+15 1.16221 6.25855e+19
1.01596 1.11959 2.1685 1e+10 6.77249e+19 1e+10 2.12434e+18 6.04738e+17 2.06048e+17 1.62631e+17 1.06359e+15 1.03914e+15 3.29922e+09 -4.20781e+20 2.36384e+09 -1.31991e+19 -3.75742e+18 -1.28024e+18 -1.01048e+18 -6.60841e+15 -6.4565e+15 1.18957 7.23389e+19
1.01596 1.11837 2.26266 1e+10 7.60003e+19 1e+10 2.37748e+18 6.4986e+17 2.19902e+17 1.7325e+17 1.1294e+15 1.11335e+15 5.16222e+09 -4.06148e+20 3.74673e+09 -1.27057e+19 -3.473e+18 -1.17521e+18 -9.25886e+17 -6.03574e+15 -5.94996e+15 1.21885 8.10425e+19
1.01596 1.11735 2.34916 1e+10 8.30241e+19 1e+10 2.60405e+18 6.81984e+17 2.28953e+17 1.80306e+17 1.17182e+15 1.16489e+15 9.68393e+09 -3.8061e+20 6.99942e+09 -1.19382e+19 -3.12655e+18 -1.04964e+18 -8.26615e+17 -5.37218e+15 -5.34043e+15 1.25799 8.8413e+19
1.01596 1.11661 2.42187 1e+10 8.79898e+19 1e+10 2.77224e+18 7.00809e+17 2.33551e+17 1.84036e+17 1.19312e+15 1.19408e+15 6.29327e+09 -2.44295e+20 4.57301e+09 -7.69706e+18 -1.9458e+18 -6.48456e+17 -5.10978e+17 -3.31271e+15 -3.31538e+15 1.32037 9.36136e+19
1.01596 1.11601 2.4801 1e+10 9.22386e+19 1e+10 2.90523e+18 7.13772e+17 2.36266e+17 1.86355e+17 1.20564e+15 1.21353e+15 8.18829e+09 -3.00252e+20 5.96677e+09 -9.45728e+18 -2.32354e+18 -7.69115e+17 -6.0664e+17 -3.92473e+15 -3.95039e+15 1.36974 9.80389e+19
1.01596 1.11532 2.55657 1e+10 9.69229e+19 1e+10 3.06085e+18 7.25748e+17 2.38007e+17 1.88079e+17 1.21371e+15 1.23027e+15 9.43486e+09 -3.7594e+20 6.92882e+09 -1.18726e+19 -2.8151e+18 -9.23206e+17 -7.2954e+17 -4.70787e+15 -4.77208e+15 1.43304 1.02915e+20
1.01596 1.11451 2.64895 1e+10 1.02285e+20 1e+10 3.23706e+18 7.35128e+17 2.3798e+17 1.88687e+17 1.21401e+15 1.24108e+15 1.10907e+10 -4.73839e+20 8.20389e+09 -1.49961e+19 -3.40562e+18 -1.10249e+18 -8.74131e+17 -5.62411e+15 -5.74955e+15 1.49635 1.08475e+20
1.01596 1.11355 2.75028 1e+10 1.08624e+20 1e+10 3.44547e+18 7.39115e+17 2.34943e+17 1.8737e+17 1.2015e+15 1.24077e+15 1.53339e+10 -6.00532e+20 1.1324e+10 -1.90492e+19 -4.08643e+18 -1.29896e+18 -1.03593e+18 -6.64285e+15 -6.85998e+15 1.55226 1.15016e+20
1.01596 1.11244 2.86164 1e+10 1.14614e+20 1e+10 3.68776e+18 7.33809e+17 2.2708e+17 1.8294e+17 1.1689e+15 1.22158e+15 2.18664e+10 -7.56237e+20 1.60738e+10 -2.43333e+19 -4.842e+18 -1.49838e+18 -1.20712e+18 -7.7129e+15 -8.06053e+15 1.64083 1.21195e+20
1.01596 1.11115 2.98206 1e+10 1.19959e+20 1e+10 3.96965e+18 7.15367e+17 2.12284e+17 1.73986e+17 1.10797e+15 1.17384e+15 2.32509e+10 -9.42234e+20 1.72298e+10 -3.11809e+19 -5.61914e+18 -1.66747e+18 -1.36665e+18 -8.70296e+15 -9.22044e+15 1.76809 1.26704e+20
1.01596 1.10966 3.11099 1e+10 1.23979e+20 1e+10 4.19676e+18 6.80989e+17 1.88999e+17 1.59376e+17 1.01266e+15 1.08924e+15 1.79299e+10 -1.15892e+21 1.34974e+10 -3.92313e+19 -6.36594e+18 -1.76678e+18 -1.48986e+18 -9.46641e+15 -1.01823e+16 1.94238 1.30753e+20
1.01596 1.10794 3.21089 1e+10 1.24008e+20 1e+10 4.29096e+18 6.30146e+17 1.57581e+17 1.38926e+17 8.82986e+14 9.64874e+14 1.56424e+10 -1.36583e+21 1.18365e+10 -4.72615e+19 -6.94056e+18 -1.73564e+18 -1.53017e+18 -9.72543e+15 -1.06274e+16 2.13584 1.30598e+20
1.01596 1.10598 3.29076 1e+10 1.18016e+20 1e+10 4.1284e+18 5.69171e+17 1.21193e+17 1.13909e+17 7.27169e+14 8.07326e+14 1.26569e+10 -1.52389e+21 9.54108e+09 -5.33084e+19 -7.34951e+18 -1.56493e+18 -1.47087e+18 -9.38973e+15 -1.04248e+16 2.37459 1.24111e+20
1.01596 1.10376 3.37687 1e+10 1.0498e+20 1e+10 3.74752e+18 5.10622e+17 8.55285e+16 8.72871e+16 5.6287e+14 6.34284e+14 -5.57199e+09 -1.58269e+21 -4.13533e+09 -5.64972e+19 -7.69809e+18 -1.28943e+18 -1.31594e+18 -8.48581e+15 -9.56244e+15 2.66514 1.10361e+20
1.01596 1.10125 3.41168 1e+10 8.86715e+19 1e+10 3.14522e+18 4.51378e+17 5.58627e+16 6.25119e+16 4.09966e+14 4.67459e+14 -2.44347e+10 -1.54383e+21 -1.7215e+10 -5.476e+19 -7.85864e+18 -9.72596e+17 -1.08836e+18 -7.13768e+15 -8.13866e+15 2.95037 9.31419e+19
1.01596 1.09844 3.43377 1e+10 7.01612e+19 1e+10 2.44536e+18 3.81893e+17 3.43205e+16 4.2068e+16 2.82338e+14 3.24482e+14 -1.55571e+10 -1.40755e+21 -1.05483e+10 -4.90579e+19 -7.66135e+18 -6.88527e+17 -8.43954e+17 -5.66417e+15 -6.50963e+15 3.27942 7.3645e+19
1.01596 1.0953 3.44589 1e+10 5.27616e+19 1e+10 1.86938e+18 3.03643e+17 2.04329e+16 2.69519e+16 1.85888e+14 2.14168e+14 2.04905e+10 -1.2062e+21 1.31421e+10 -4.27359e+19 -6.9416e+18 -4.67123e+17 -6.16154e+17 -4.24962e+15 -4.89613e+15 3.59564 5.54096e+19
1.01596 1.09181 3.48183 1e+10 3.90785e+19 1e+10 1.34144e+18 2.28328e+17 1.21573e+16 1.64214e+16 1.16331e+14 1.33486e+14 1.68289e+10 -1.01985e+21 1.01237e+10 -3.50072e+19 -5.95859e+18 -3.17266e+17 -4.28543e+17 -3.03582e+15 -3.48353e+15 3.96351 4.09802e+19
1.01596 1.08795 3.45787 1e+10 2.99908e+19 1e+10 1.02398e+18 1.77369e+17 7.5142e+15 9.34284e+15 6.74802e+13 7.6542e+13 4.1888e+10 -8.87043e+20 2.35164e+10 -3.02864e+19 -5.24607e+18 -2.22248e+17 -2.76333e+17 -1.99586e+15 -2.26388e+15 4.36726 3.14303e+19
1.01596 1.0837 3.51291 1e+10 2.372e+19 1e+10 7.97268e+17 1.5322e+17 5.03318e+15 4.84001e+15 3.51343e+13 3.91055e+13 -6.4315e+10 -8.02784e+20 -3.46641e+10 -2.69831e+19 -5.18567e+18 -1.70345e+17 -1.63806e+17 -1.18909e+15 -1.3235e+15 4.94708 2.48586e+19
1.01596 1.07904 3.44168 1e+10 1.99882e+19 1e+10 6.51988e+17 1.44907e+17 3.83608e+15 2.28369e+15 1.63592e+13 1.77447e+13 2.64891e+11 -7.63147e+20 1.32881e+11 -2.48941e+19 -5.53278e+18 -1.46467e+17 -8.71942e+16 -6.24614e+14 -6.77514e+14 5.45187 2.09508e+19
1.01596 1.07394 3.46433 1e+10 1.70838e+19 1e+10 5.3966e+17 1.38255e+17 3.36883e+15 9.74127e+14 6.73552e+12 7.0841e+12 1.37998e+11 -7.37194e+20 6.90928e+10 -2.3288e+19 -5.96609e+18 -1.45374e+17 -4.20358e+16 -2.90653e+14 -3.05696e+14 6.0876 1.79141e+19
1.01596 1.06839 3.39378 1e+10 1.52997e+19 1e+10 4.49181e+17 1.3483e+17 3.46537e+15 3.89451e+14 2.50048e+12 2.54366e+12 2.95123e+11 -7.41964e+20 1.42713e+11 -2.17847e+19 -6.53892e+18 -1.68062e+17 -1.88873e+16 -1.21266e+14 -1.23361e+14 6.68811 1.60305e+19
1.01596 1.06234 3.27331 1e+10 1.40389e+19 1e+10 3.84595e+17 1.28685e+17 4.03698e+15 1.63462e+14 8.57766e+11 8.4319e+11 6.35278e+11 -7.5997e+20 2.95107e+11 -2.0822e+19 -6.9668e+18 -2.18554e+17 -8.84949e+15 -4.64375e+13 -4.56484e+13 7.23887 1.46937e+19
1.01596 1.05578 3.35055 1e+10 1.24477e+19 1e+10 3.23653e+17 1.21641e+17 5.26338e+15 1.0347e+14 2.93695e+11 2.78842e+11 1.84672e+11 -7.60448e+20 8.80643e+10 -1.97743e+19 -7.43184e+18 -3.21574e+17 -6.32161e+15 -1.79435e+13 -1.70361e+13 8.10965 1.30308e+19
1.01596 1.04868 3.4081 1e+10 1.07849e+19 1e+10 2.69634e+17 1.15909e+17 7.50326e+15 1.27069e+14 1.17195e+11 1.08513e+11 1.84249e+11 -7.39992e+20 8.59461e+10 -1.85015e+19 -7.95321e+18 -5.14842e+17 -8.71892e+15 -8.04135e+12 -7.44566e+12 9.15969 1.13093e+19
1.01596 1.041 3.36783 1e+10 9.28854e+18 1e+10 1.99137e+17 9.93758e+16 1.01204e+16 1.93748e+14 6.17983e+10 5.73939e+10 4.08822e+11 -7.13636e+20 1.85245e+11 -1.53003e+19 -7.63537e+18 -7.7758e+17 -1.48861e+16 -4.74809e+12 -4.40969e+12 10.0571 9.71757e+18
1.01596 1.0327 2.97973 1e+10 5.5684e+18 1e+10 1.03442e+17 5.99187e+16 8.09761e+15 1.63137e+14 2.60456e+10 2.44275e+10 -1.30974e+11 -4.75232e+20 -5.82944e+10 -8.82869e+18 -5.11407e+18 -6.91127e+17 -1.39236e+16 -2.22296e+12 -2.08486e+12 11.2109 5.81662e+18
