# r,z,r_minus_r_sep,gitr_index,x1,x2,z1,z2,xmid,zmid
1.386839780000000077e+00 1.176346520000000062e+00 -1.460734373010061371e-01 1.400000000000000000e+01 1.386839780000000077e+00 1.389899219999999991e+00 1.176346520000000062e+00 1.168264959999999908e+00 1.388369500000000034e+00 1.172305740000000096e+00
1.389899219999999991e+00 1.168264959999999908e+00 -1.374321535336945899e-01 1.500000000000000000e+01 1.389899219999999991e+00 1.397108039999999995e+00 1.168264959999999908e+00 1.164577750000000078e+00 1.393503630000000104e+00 1.166421354999999993e+00
1.397108039999999995e+00 1.164577750000000078e+00 -1.293350797797697405e-01 1.600000000000000000e+01 1.397108039999999995e+00 1.406626090000000051e+00 1.164577750000000078e+00 1.164272710000000099e+00 1.401867065000000023e+00 1.164425229999999978e+00
1.406626090000000051e+00 1.164272710000000099e+00 -1.198121429846365771e-01 1.700000000000000000e+01 1.406626090000000051e+00 1.418654780000000004e+00 1.164272710000000099e+00 1.168422730000000076e+00 1.412640435000000139e+00 1.166347720000000088e+00
1.418654780000000004e+00 1.168422730000000076e+00 -1.070876764293542394e-01 1.800000000000000000e+01 1.418654780000000004e+00 1.430679269999999947e+00 1.168422730000000076e+00 1.174594930000000037e+00 1.424667024999999976e+00 1.171508830000000057e+00
1.430679269999999947e+00 1.174594930000000037e+00 -9.357159665006549443e-02 1.900000000000000000e+01 1.430679269999999947e+00 1.440488189999999946e+00 1.174594930000000037e+00 1.179629870000000080e+00 1.435583729999999836e+00 1.177112399999999948e+00
1.440488189999999946e+00 1.179629870000000080e+00 -8.254592059959128814e-02 2.000000000000000000e+01 1.440488189999999946e+00 1.448700380000000010e+00 1.179629870000000080e+00 1.183845199999999931e+00 1.444594284999999978e+00 1.181737534999999895e+00
1.448700380000000010e+00 1.183845199999999931e+00 -7.331504460621991737e-02 2.100000000000000000e+01 1.448700380000000010e+00 1.460571960000000002e+00 1.183845199999999931e+00 1.195332590000000028e+00 1.454636170000000117e+00 1.189588894999999980e+00
1.460571960000000002e+00 1.195332590000000028e+00 -5.679552461596287793e-02 2.200000000000000000e+01 1.460571960000000002e+00 1.470134290000000066e+00 1.195332590000000028e+00 1.204698700000000011e+00 1.465353125000000034e+00 1.200015645000000131e+00
1.470134290000000066e+00 1.204698700000000011e+00 -4.341037719200818712e-02 2.300000000000000000e+01 1.470134290000000066e+00 1.477933919999999901e+00 1.204698700000000011e+00 1.212338380000000049e+00 1.474034104999999872e+00 1.208518540000000030e+00
1.477933919999999901e+00 1.212338380000000049e+00 -3.249255054751075400e-02 2.400000000000000000e+01 1.477933919999999901e+00 1.484427050000000081e+00 1.212338380000000049e+00 1.218698349999999930e+00 1.481180484999999880e+00 1.215518364999999879e+00
1.484427050000000081e+00 1.218698349999999930e+00 -2.340354864423221937e-02 2.500000000000000000e+01 1.484427050000000081e+00 1.489858240000000000e+00 1.218698349999999930e+00 1.224018169999999905e+00 1.487142645000000041e+00 1.221358259999999918e+00
1.489858240000000000e+00 1.224018169999999905e+00 -1.580102869039462163e-02 2.600000000000000000e+01 1.489858240000000000e+00 1.494391999999999943e+00 1.224018169999999905e+00 1.228458950000000049e+00 1.492125119999999860e+00 1.226238560000000088e+00
1.494391999999999943e+00 1.228458950000000049e+00 -9.454730025345775557e-03 2.700000000000000000e+01 1.494391999999999943e+00 1.498102309999999937e+00 1.228458950000000049e+00 1.232093179999999899e+00 1.496247154999999829e+00 1.230276064999999974e+00
1.498102309999999937e+00 1.232093179999999899e+00 -4.261077361853648875e-03 2.800000000000000000e+01 1.498102309999999937e+00 1.502911239999999982e+00 1.232093179999999899e+00 1.236803480000000066e+00 1.500506774999999848e+00 1.234448329999999983e+00
1.501146400000000103e+00 1.235074840000000007e+00 0.000000000000000000e+00 2.900000000000000000e+01 1.502911239999999982e+00 1.502698502499999922e+00 1.236803480000000066e+00 1.235960892500000075e+00 1.502804871249999952e+00 1.236382186250000181e+00
1.502911239999999982e+00 1.236803480000000066e+00 2.470396015864617482e-03 3.300000000000000000e+01 1.502060289999999965e+00 1.501818505999999998e+00 1.233433130000000100e+00 1.232557200000000019e+00 1.501939397999999981e+00 1.232995165000000171e+00
1.502060289999999965e+00 1.233433130000000100e+00 5.946510948515695144e-03 3.800000000000000000e+01 1.500851369999999907e+00 1.500609929999999981e+00 1.229053479999999920e+00 1.228178798333333210e+00 1.500730649999999944e+00 1.228616139166666565e+00
1.500851369999999907e+00 1.229053479999999920e+00 1.048994815936187333e-02 4.400000000000000000e+01 1.499402729999999906e+00 1.499148304285714106e+00 1.223805390000000104e+00 1.222883655714285700e+00 1.499275517142856895e+00 1.223344522857142902e+00
1.499402729999999906e+00 1.223805390000000104e+00 1.593430363064569227e-02 5.100000000000000000e+01 1.497621749999999974e+00 1.497462630000000017e+00 1.217353249999999942e+00 1.216438490000000039e+00 1.497542189999999884e+00 1.216895870000000102e+00
1.497621749999999974e+00 1.217353249999999942e+00 2.262773327022522818e-02 5.700000000000000000e+01 1.496667030000000009e+00 1.496649233999999939e+00 1.211864690000000078e+00 1.210958826000000155e+00 1.496658131999999863e+00 1.211411758000000116e+00
1.496667030000000009e+00 1.211864690000000078e+00 2.819870994869000738e-02 6.200000000000000000e+01 1.496578050000000104e+00 1.496637066000000127e+00 1.207335370000000019e+00 1.206421063999999932e+00 1.496607558000000004e+00 1.206878216999999864e+00
1.496578050000000104e+00 1.207335370000000019e+00 3.272890388524509614e-02 6.700000000000000000e+01 1.496873129999999996e+00 1.496976348000000012e+00 1.202763840000000028e+00 1.201758718000000004e+00 1.496924739000000004e+00 1.202261279000000016e+00
1.496873129999999996e+00 1.202763840000000028e+00 3.730994729775494179e-02 7.200000000000000000e+01 1.497389220000000076e+00 1.497490151666666769e+00 1.197738229999999904e+00 1.196755356666666659e+00 1.497439685833333423e+00 1.197246793333333281e+00
1.497389220000000076e+00 1.197738229999999904e+00 4.236198696111877215e-02 7.800000000000000000e+01 1.497994810000000010e+00 1.498096772857142822e+00 1.191840989999999989e+00 1.190848071428571409e+00 1.498045791428571416e+00 1.191344530714285810e+00
1.497994810000000010e+00 1.191840989999999989e+00 4.829023955911920796e-02 8.500000000000000000e+01 1.498708549999999917e+00 1.498813964999999859e+00 1.184890559999999926e+00 1.183864029999999845e+00 1.498761257499999999e+00 1.184377294999999997e+00
1.498708549999999917e+00 1.184890559999999926e+00 5.527722045021235542e-02 9.300000000000000000e+01 1.499551869999999898e+00 1.499663791111111033e+00 1.176678319999999944e+00 1.175588434444444497e+00 1.499607830555555577e+00 1.176133377222222220e+00
1.499551869999999898e+00 1.176678319999999944e+00 6.353264741918250580e-02 1.020000000000000000e+02 1.500559159999999892e+00 1.500465032631578932e+00 1.166869350000000027e+00 1.165780246842105239e+00 1.500512096315789412e+00 1.166324798421052744e+00
1.500559159999999892e+00 1.166869350000000027e+00 7.339320144038224969e-02 1.210000000000000000e+02 1.498770740000000101e+00 1.498734474347826140e+00 1.146176389999999934e+00 1.145065466956521671e+00 1.498752607173913010e+00 1.145620928478260803e+00
1.498770740000000101e+00 1.146176389999999934e+00 9.416330109488567357e-02 1.440000000000000000e+02 1.497936630000000102e+00 1.497936630000000102e+00 1.120625159999999898e+00 1.120625159999999898e+00 1.497936630000000102e+00 1.120625159999999898e+00
1.497936630000000102e+00 1.120625159999999898e+00 1.197281420684767617e-01 1.450000000000000000e+02 1.497936630000000102e+00 1.504480669999999964e+00 1.120625159999999898e+00 1.116872199999999982e+00 1.501208650000000144e+00 1.118748679999999940e+00
1.504480669999999964e+00 1.116872199999999982e+00 1.272719586279642545e-01 1.460000000000000000e+02 1.504480669999999964e+00 1.511812570000000022e+00 1.116872199999999982e+00 1.113875869999999990e+00 1.508146619999999993e+00 1.115374034999999875e+00
1.511812570000000022e+00 1.113875869999999990e+00 1.351924858249948236e-01 1.470000000000000000e+02 1.511812570000000022e+00 1.519708169999999914e+00 1.113875869999999990e+00 1.110649159999999913e+00 1.515760369999999968e+00 1.112262514999999841e+00
1.519708169999999914e+00 1.110649159999999913e+00 1.437219733115967513e-01 1.480000000000000000e+02 1.519708169999999914e+00 1.528289559999999936e+00 1.110649159999999913e+00 1.108356700000000084e+00 1.523998864999999814e+00 1.109502930000000109e+00
1.528289559999999936e+00 1.108356700000000084e+00 1.526042943586936040e-01 1.490000000000000000e+02 1.528289559999999936e+00 1.537374129999999894e+00 1.108356700000000084e+00 1.106168559999999967e+00 1.532831845000000026e+00 1.107262630000000136e+00
1.537374129999999894e+00 1.106168559999999967e+00 1.619486706752007454e-01 1.500000000000000000e+02 1.537374129999999894e+00 1.546931239999999930e+00 1.106168559999999967e+00 1.103866589999999981e+00 1.542152685000000023e+00 1.105017574999999974e+00
1.546931239999999930e+00 1.103866589999999981e+00 1.717791039023276456e-01 1.510000000000000000e+02 1.546931239999999930e+00 1.556906939999999961e+00 1.103866589999999981e+00 1.101463800000000104e+00 1.551919089999999946e+00 1.102665195000000153e+00
1.556906939999999961e+00 1.101463800000000104e+00 1.820400975322886417e-01 1.520000000000000000e+02 1.556906939999999961e+00 1.567302069999999992e+00 1.101463800000000104e+00 1.098959980000000058e+00 1.562104504999999977e+00 1.100211890000000192e+00
1.567302069999999992e+00 1.098959980000000058e+00 1.927325173851236750e-01 1.530000000000000000e+02 1.567302069999999992e+00 1.578098739999999944e+00 1.098959980000000058e+00 1.096359450000000013e+00 1.572700404999999968e+00 1.097659715000000036e+00
1.578098739999999944e+00 1.096359450000000013e+00 2.038379592660124751e-01 1.540000000000000000e+02 1.578098739999999944e+00 1.589251610000000037e+00 1.096359450000000013e+00 1.093673120000000054e+00 1.583675174999999991e+00 1.095016285000000034e+00
1.589251610000000037e+00 1.093673120000000054e+00 2.153097890287749006e-01 1.550000000000000000e+02 1.589251610000000037e+00 1.603920000000000012e+00 1.093673120000000054e+00 1.090140000000000109e+00 1.596585805000000136e+00 1.091906559999999971e+00
