1.38838 1.17231 0.960641 1e+10 8.02196e+17 1e+10 3.62482e+16 1.4648e+16 4.12337e+15 2.448e+15 3.8661e+12 9.66012e+11 1.22838e+12 -1.43222e+19 5.10162e+11 -6.47138e+17 -2.6151e+17 -7.36147e+16 -4.37042e+16 -6.90216e+13 -1.72462e+13 0.620939 8.89927e+17
1.39351 1.16643 1.1832 1e+10 1.10707e+18 1e+10 4.49028e+16 1.798e+16 5.20079e+15 3.26122e+15 3.96829e+12 9.73781e+11 1.0367e+12 -2.07111e+19 4.30971e+11 -8.40044e+17 -3.36372e+17 -9.72972e+16 -6.10116e+16 -7.42394e+13 -1.82177e+13 0.752313 1.21661e+18
1.40187 1.16443 1.30854 1e+10 1.62281e+18 1e+10 6.31989e+16 2.40253e+16 7.10666e+15 4.69289e+15 3.64997e+12 8.60231e+11 -6.6204e+11 -2.97518e+19 -2.79266e+11 -1.15865e+18 -4.40466e+17 -1.30289e+17 -8.60369e+16 -6.69163e+13 -1.5771e+13 0.825375 1.77418e+18
1.41265 1.16636 1.3311 1e+10 2.51528e+18 1e+10 9.77393e+16 3.41435e+16 1.01893e+16 6.81808e+15 3.0115e+12 6.72803e+11 -1.19431e+12 -4.38794e+19 -5.01088e+11 -1.70502e+18 -5.95619e+17 -1.77748e+17 -1.18938e+17 -5.25339e+13 -1.17367e+13 0.867248 2.73916e+18
1.42467 1.17152 1.28446 1e+10 4.15626e+18 1e+10 1.66343e+17 5.20961e+16 1.53072e+16 9.772e+15 2.26985e+12 4.7571e+11 -1.15027e+12 -6.72482e+19 -4.86326e+11 -2.69128e+18 -8.42862e+17 -2.47654e+17 -1.581e+17 -3.67236e+13 -7.69643e+12 0.857482 4.51182e+18
1.43559 1.17712 1.19025 1e+10 7.43466e+18 1e+10 3.09544e+17 8.70481e+16 2.45789e+16 1.41577e+16 1.6995e+12 3.28964e+11 -6.21683e+11 -1.07003e+20 -2.82128e+11 -4.4552e+18 -1.25285e+18 -3.53755e+17 -2.03766e+17 -2.44601e+13 -4.73463e+12 0.806907 8.04868e+18
1.4446 1.18175 1.09107 1e+10 1.35758e+19 1e+10 5.89959e+17 1.51429e+17 4.04692e+16 2.03537e+16 1.33856e+12 2.33604e+11 -1.77313e+11 -1.71122e+20 -9.33472e+10 -7.43674e+18 -1.90883e+18 -5.10133e+17 -2.56568e+17 -1.68731e+13 -2.94469e+12 0.726578 1.46715e+19
1.45464 1.1896 0.993485 1e+10 2.34058e+19 1e+10 1.06037e+18 2.52433e+17 6.33416e+16 2.7437e+16 1.11157e+12 1.7103e+11 3.67948e+10 -2.533e+20 2.23872e+10 -1.14759e+19 -2.73197e+18 -6.85518e+17 -2.96939e+17 -1.203e+13 -1.85098e+12 0.646897 2.52709e+19
1.46536 1.20003 0.923784 1e+10 3.64111e+19 1e+10 1.7156e+18 3.83896e+17 9.01849e+16 3.36338e+16 9.46523e+11 1.27342e+11 7.98792e+10 -3.4615e+20 5.18972e+10 -1.63102e+19 -3.64968e+18 -8.57382e+17 -3.19755e+17 -8.99853e+12 -1.21063e+12 0.589003 3.92996e+19
1.47404 1.20853 0.865259 1e+10 5.26161e+19 1e+10 2.54587e+18 5.411e+17 1.19085e+17 3.84762e+16 8.16146e+11 9.62447e+10 9.30025e+10 -4.39441e+20 6.30756e+10 -2.12631e+19 -4.51926e+18 -9.94593e+17 -3.21353e+17 -6.81644e+12 -8.03834e+11 0.541044 5.67554e+19
1.48119 1.21553 0.830445 1e+10 6.93937e+19 1e+10 3.43271e+18 6.9802e+17 1.4475e+17 4.11239e+16 6.9291e+11 7.24215e+10 1.19622e+11 -5.08912e+20 7.99532e+10 -2.51747e+19 -5.11912e+18 -1.06156e+18 -3.01593e+17 -5.08164e+12 -5.31123e+11 0.51153 7.48212e+19
1.48715 1.22137 0.84762 1e+10 8.38727e+19 1e+10 4.21693e+18 8.25848e+17 1.63414e+17 4.19428e+16 5.82194e+11 5.49408e+10 8.7452e+10 -5.47643e+20 6.14709e+10 -2.75344e+19 -5.39236e+18 -1.06701e+18 -2.73865e+17 -3.80143e+12 -3.58735e+11 0.518943 9.03993e+19
1.49213 1.22625 0.916861 1e+10 9.6978e+19 1e+10 4.82251e+18 9.13745e+17 1.7509e+17 4.19413e+16 4.94318e+11 4.31468e+10 1.16133e+11 -5.83838e+20 7.62164e+10 -2.9033e+19 -5.50103e+18 -1.05409e+18 -2.525e+17 -2.97594e+12 -2.59757e+11 0.627025 1.04321e+20
1.49625 1.23029 1.47951 1e+10 1.0411e+20 1e+10 5.49546e+18 1.00992e+18 1.89211e+17 4.34074e+16 4.47202e+11 3.70152e+10 4.05246e+11 -5.14073e+20 1.69871e+11 -2.71353e+19 -4.98676e+18 -9.34278e+17 -2.14335e+17 -2.20817e+12 -1.82772e+11 1e-05 1.12366e+20
1.49963 1.2336 1.33841 1e+10 1.16559e+20 1e+10 6.15023e+18 1.1022e+18 2.05107e+17 4.65068e+16 4.3428e+11 3.51878e+10 3.19201e+11 -4.62139e+20 1.35033e+11 -2.43845e+19 -4.37001e+18 -8.13209e+17 -1.8439e+17 -1.72183e+12 -1.39512e+11 1e-05 1.25715e+20
1.50204 1.23595 1.32722 1e+10 1.26058e+20 1e+10 6.66298e+18 1.1723e+18 2.18747e+17 4.9992e+16 4.39728e+11 3.57155e+10 1.88307e+11 -2.96283e+20 8.02504e+10 -1.56602e+19 -2.75529e+18 -5.14127e+17 -1.17498e+17 -1.0335e+12 -8.3943e+10 1e-05 1.35922e+20
1.50249 1.23513 1.40293 1e+10 1.33211e+20 1e+10 7.0969e+18 1.2309e+18 2.30928e+17 5.34743e+16 4.51297e+11 3.70418e+10 2.23021e+11 -3.71711e+20 9.55641e+10 -1.98027e+19 -3.43462e+18 -6.44368e+17 -1.49211e+17 -1.25927e+12 -1.03359e+11 1e-05 1.43676e+20
1.50146 1.23126 1.61423 1e+10 1.40682e+20 1e+10 7.62715e+18 1.30039e+18 2.46202e+17 5.82933e+16 4.72283e+11 3.96199e+10 2.80001e+11 -4.91479e+20 1.20509e+11 -2.6645e+19 -4.54282e+18 -8.60088e+17 -2.03644e+17 -1.64989e+12 -1.38409e+11 1e-05 1.51882e+20
1.50013 1.22644 1.91983 1e+10 1.48455e+20 1e+10 8.25527e+18 1.37743e+18 2.63721e+17 6.43829e+16 5.01188e+11 4.35152e+10 3.59802e+11 -6.59986e+20 1.54912e+11 -3.66994e+19 -6.12346e+18 -1.17239e+18 -2.86218e+17 -2.22806e+12 -1.93449e+11 1e-05 1.60514e+20
1.49852 1.22059 2.42362 1e+10 1.60544e+20 1e+10 8.87467e+18 1.44875e+18 2.8015e+17 7.08013e+16 5.29322e+11 4.8069e+10 4.79867e+11 -9.37956e+20 2.03524e+11 -5.18481e+19 -8.46397e+18 -1.63671e+18 -4.13639e+17 -3.09243e+12 -2.80831e+11 1e-05 1.7344e+20
1.49715 1.21462 2.58595 1e+10 1.72375e+20 1e+10 9.5321e+18 1.54043e+18 2.99595e+17 7.84211e+16 5.61776e+11 5.38176e+10 5.86157e+11 -1.21206e+21 2.4872e+11 -6.70247e+19 -1.08315e+19 -2.10659e+18 -5.51415e+17 -3.95011e+12 -3.78416e+11 1e-05 1.86201e+20
1.49663 1.20961 1.4284 1e+10 2.07534e+20 1e+10 9.75211e+18 1.63059e+18 3.16295e+17 8.53303e+16 5.83255e+11 5.91862e+10 1.15509e+11 -1.63124e+21 8.4087e+10 -7.66527e+19 -1.28166e+19 -2.48612e+18 -6.70707e+17 -4.58446e+12 -4.65211e+11 0.881945 2.21837e+20
1.49673 1.20506 1.34213 1e+10 2.1194e+20 1e+10 9.25561e+18 1.64036e+18 3.10994e+17 8.69872e+16 5.64136e+11 6.15067e+10 7.06735e+10 -1.84496e+21 5.65278e+10 -8.05711e+19 -1.42795e+19 -2.70724e+18 -7.57234e+17 -4.91086e+12 -5.35423e+11 0.760407 2.25757e+20
1.49714 1.20027 1.40338 1e+10 2.00479e+20 1e+10 8.05731e+18 1.49282e+18 2.64012e+17 7.81405e+16 4.77783e+11 5.71129e+10 9.05083e+10 -2.06128e+21 7.13722e+10 -8.28442e+19 -1.5349e+19 -2.71454e+18 -8.03432e+17 -4.91251e+12 -5.87228e+11 0.796719 2.12626e+20
1.4977 1.1948 1.59328 1e+10 1.68712e+20 1e+10 6.51446e+18 1.27839e+18 1.89259e+17 5.92096e+16 3.3573e+11 4.45525e+10 1.14612e+11 -2.12109e+21 8.8252e+10 -8.19035e+19 -1.60728e+19 -2.37948e+18 -7.44419e+17 -4.221e+12 -5.60141e+11 0.925347 1.78588e+20
1.49836 1.18838 2.00422 1e+10 1.25954e+20 1e+10 4.8765e+18 1.08655e+18 1.18024e+17 3.61677e+16 1.83201e+11 2.70193e+10 1.10345e+11 -2.03661e+21 8.32181e+10 -7.88549e+19 -1.757e+19 -1.9085e+18 -5.8485e+17 -2.96245e+12 -4.36916e+11 1.24752 1.33503e+20
1.49914 1.1808 2.70157 1e+10 8.5549e+19 1e+10 3.13978e+18 9.12461e+17 7.56158e+16 1.79638e+16 7.49369e+10 1.25018e+10 2.52736e+11 -1.91351e+21 1.67375e+11 -7.02343e+19 -2.04112e+19 -1.69147e+18 -4.01837e+17 -1.67628e+12 -2.79656e+11 2.18934 9.08124e+19
1.50006 1.17179 3.42492 1e+10 5.68962e+19 1e+10 1.69277e+18 7.83477e+17 6.55395e+16 8.48271e+15 2.43341e+10 1e+10 4.05399e+11 -1.83413e+21 2.39425e+11 -5.4572e+19 -2.52582e+19 -2.11289e+18 -2.7347e+17 -7.84491e+11 -3.21339e+11 4.52875 6.03864e+19
1.49967 1.15654 4.20094 1e+10 3.3653e+19 1e+10 5.56679e+17 6.25486e+17 8.64363e+16 5.14094e+15 1e+10 1e+10 6.49274e+11 -1.63459e+21 3.39937e+11 -2.70399e+19 -3.0382e+19 -4.19853e+18 -2.49715e+17 -4.83841e+11 -4.83828e+11 9.87803 3.57405e+19
1.49836 1.13342 6.10857 1e+10 1.39327e+19 1e+10 1.35991e+17 2.25205e+17 8.28174e+16 5.9012e+15 1e+10 1e+10 9.15722e+11 -1.05354e+21 4.22918e+11 -1.02831e+19 -1.70292e+19 -6.26239e+18 -4.46231e+17 -7.53245e+11 -7.53308e+11 21.0185 1.47912e+19
1.50121 1.11876 9.62109 1e+10 6.89735e+18 1e+10 9.0998e+16 8.53125e+16 3.32587e+16 2.78783e+15 1e+10 1e+10 5.22126e+11 -6.82499e+20 2.26888e+11 -9.00385e+18 -8.44135e+18 -3.29083e+18 -2.75846e+17 -9.84325e+11 -9.84551e+11 28.4338 7.2699e+18
1.50815 1.11539 11.5936 1e+10 4.85495e+18 1e+10 6.89643e+16 6.11557e+16 2.21151e+16 1.82298e+15 1e+10 1e+10 3.71328e+11 -5.55456e+20 1.5833e+11 -7.89018e+18 -6.99682e+18 -2.53019e+18 -2.08569e+17 -1.13759e+12 -1.13792e+12 30.3055 5.11986e+18
1.51576 1.11228 12.77 1e+10 3.81623e+18 1e+10 5.15138e+16 5.04594e+16 1.80171e+16 1.41785e+15 1e+10 1e+10 3.65427e+11 -4.91595e+20 1.54235e+11 -6.63569e+18 -6.49987e+18 -2.32086e+18 -1.82641e+17 -1.28082e+12 -1.28124e+12 31.0549 4.02839e+18
1.524 1.10952 13.137 1e+10 3.15403e+18 1e+10 4.26225e+16 4.18689e+16 1.49665e+16 1.12996e+15 1e+10 1e+10 -7.05285e+09 -4.49549e+20 -2.96233e+09 -6.07477e+18 -5.96735e+18 -2.13308e+18 -1.61047e+17 -1.41714e+12 -1.41762e+12 31.5352 3.32981e+18
1.53283 1.10728 13.3447 1e+10 2.78069e+18 1e+10 3.8322e+16 3.83317e+16 1.31339e+16 9.35211e+14 1e+10 1e+10 -5.07796e+11 -4.34706e+20 -2.12463e+11 -5.99064e+18 -5.99212e+18 -2.05311e+18 -1.46194e+17 -1.55434e+12 -1.5548e+12 31.7587 2.93882e+18
1.54215 1.10503 13.6831 1e+10 2.68703e+18 1e+10 3.39413e+16 3.43944e+16 1.18105e+16 8.59756e+14 1e+10 1e+10 1.12308e+12 -4.62555e+20 4.68255e+11 -5.84276e+18 -5.92076e+18 -2.03308e+18 -1.48001e+17 -1.71172e+12 -1.71209e+12 31.7937 2.82863e+18
1.55192 1.10268 14.0581 1e+10 2.33955e+18 1e+10 3.19276e+16 3.08294e+16 1.06613e+16 8.07031e+14 1e+10 1e+10 -3.0288e+11 -4.3979e+20 -1.26237e+11 -6.00166e+18 -5.7952e+18 -2.00405e+18 -1.517e+17 -1.86937e+12 -1.86945e+12 31.9674 2.46835e+18
1.5621 1.10023 13.5536 1e+10 2.32226e+18 1e+10 3.07341e+16 3.06497e+16 1.06177e+16 8.47119e+14 1e+10 1e+10 7.07952e+11 -4.70207e+20 2.94683e+11 -6.22297e+18 -6.2059e+18 -2.14986e+18 -1.71523e+17 -2.01419e+12 -2.01401e+12 31.8461 2.44953e+18
1.5727 1.09767 11.1673 1e+10 2.42026e+18 1e+10 2.85895e+16 3.10574e+16 1.12797e+16 9.41278e+14 1e+10 1e+10 1.33963e+12 -5.1671e+20 5.58236e+11 -6.10379e+18 -6.63067e+18 -2.40818e+18 -2.00959e+17 -2.12457e+12 -2.12444e+12 31.5431 2.54857e+18
1.58367 1.09503 6.96934 1e+10 2.02567e+18 1e+10 2.22446e+16 2.68532e+16 9.15609e+15 7.70678e+14 1e+10 1e+10 3.88613e+12 -4.42079e+20 1.60631e+12 -4.85468e+18 -5.86039e+18 -1.99821e+18 -1.68194e+17 -2.17491e+12 -2.17525e+12 31.1027 2.13217e+18
