0.002904910361394286
0.003773939097300172
0.0046429678332060575
0.005511996569111943
0.0064008546527475115
0.007309542084112764
0.008218229515478015
0.009126916946843266
0.010035604378208518
0.010943644369641941
0.011851036921143532
0.012758429472645123
0.013665822024146717
0.014573214575648308
0.0154806071271499
0.01641240556325231
0.017368609883955548
0.01832481420465878
0.019281018525362015
0.020237222846065252
0.021193427166768482
0.02214963148747172
0.023091981653124094
0.024020477663725615
0.024948973674327135
0.025877469684928656
0.026805965695530176
0.027734461706131697
0.02865172903984785
0.029557767696678637
0.030463806353509426
0.031369845010340215
0.032275883667171004
0.033187007531523705
0.03410321660339832
0.03501942567527294
0.03593563474714756
0.03685184381902218
0.03781515210866928
0.03882555961608887
0.03983596712350845
0.04084637463092804
0.04185678213834763
0.042856006883084774
0.043844048865139484
0.044832090847194195
0.045820132829248905
0.046808174811303616
0.047796216793358326
0.04878930800727435
0.049787448453051705
0.05078558889882905
0.0517837293446064
0.052781869790383754
0.053780010236161094
0.05477815068193845
0.055793185252696276
0.05682511394843459
0.05785704264417291
0.05888897133991122
0.05992090003564954
0.060952828731387854
0.06198475742712617
0.06301668612286448
0.06408045896225506
0.06517607594529787
0.0662716929283407
0.06736730991138351
0.06846292689442635
0.06955854387746918
0.07065416086051199
0.07174977784355482
0.07284539482659763
0.07393978477308624
0.07503294768302064
0.07612611059295504
0.07721927350288943
0.07831243641282382
0.07940559932275823
0.08049876223269262
0.081591925142627
0.08268508805256142
0.0837782509624958
0.08487141387243019
0.0859645767823646
0.08705773969229899
0.08815090260223338
0.08924406551216779
0.09033722842210218
0.09143039133203656
0.09252355424197095
0.09361671715190537
0.0947190560400486
0.09583057090640068
0.09694208577275276
0.09805360063910484
0.09916511550545692
0.100276630371809
0.10138814523816109
0.10249966010451317
0.10361117497086525
0.10472268983721733
0.10583420470356941
0.1069457195699215
0.10805723443627357
0.10916874930262566
0.11028026416897774
0.11139177903532982
0.1125032939016819
0.11361480876803398
0.11472632363438606
0.11583783850073814
0.11694935336709023
0.1180608682334423
0.11917238309979439
