   1016.00006       0.00000000    
   1016.00006       964.000000    
   1016.00006       968.000000    
   1016.00006       1001.00006    
   1016.00006       1019.00006    
   1016.00006       1077.00000    
   1016.00006       1070.00000    
   1016.00006       1096.00000    
   1016.00006       1113.00000    
   1016.00006       1138.00000    
   1016.00006       1147.00000    
   1011.99994       1165.00000    
   1001.00006       1217.00000    
   1029.00000       1217.00000    
   1042.00000       1162.40002    
   1046.00000       1162.38000    
   1056.00000       1162.60010    
   1097.00000       1164.50000    
   1108.00000       1165.94006    
   1116.00000       1165.91003    
   1134.00000       1168.95996    
   1148.00000       1171.75000    
   1162.00000       1175.56006    
   1181.00000       1183.00000    
   1182.00000       1183.50000    
   1185.00000       1185.00000    
   1190.00000       1188.00000    
   1195.00000       1191.00000    
   1201.00000       1196.00000    
   1209.00000       1202.00000    
   1215.00000       1208.00000    
   1222.00000       1214.00000    
   1228.00000       1221.00000    
   1234.00000       1231.00000    
   1239.00000       1238.00000    
   1242.00000       1244.00000    
   1248.00000       1254.00000    
   1258.00000       1278.00000    
   1263.00000       1290.00000    
   1280.00000       1331.00000    
   1280.00000       1347.00000    
   1280.00000       1348.00000    
   1310.00000       1348.00000    
   1328.00000       1348.00000    
   1361.00000       1348.00000    
   1380.00000       1348.00000    
   1419.00000       1348.00000    
   1419.00000       1310.00000    
   1372.00000       1310.00000    
   1371.67004       1292.38000    
   1370.03003       1282.68005    
   1366.88000       1256.44006    
   1367.19006       1229.55005    
   1371.78003       1195.76001    
   1372.23999       1194.02002    
   1386.62000       1164.87000    
   1387.07996       1164.20996    
   1403.82007       1156.95996    
   1411.27002       1157.30005    
   1418.57007       1161.31995    
   1421.00000       1164.00000    
   1486.63000       1240.50000    
   1497.30005       1234.58008    
   1497.62000       1234.28003    
   1497.44995       1231.73999    
   1492.75000       1213.30005    
   1492.59998       1210.60999    
   1492.60999       1204.85999    
   1492.79004       1202.14001    
   1493.40002       1196.41992    
   1494.69995       1185.10999    
   1496.21997       1160.69995    
   1479.81006       1124.26001    
   1480.81995       1122.56006    
   1481.48999       1121.38000    
   1486.45996       1116.92004    
   1490.94995       1114.39001    
   1503.04993       1112.43994    
   1596.96997       1094.89001    
   1625.50000       1085.29993    
   1637.51990       1079.88000    
   1647.00000       1077.00000    
   1785.00000       1077.00000    
   2070.00000       1040.00000    
   2128.00000       993.000000    
   2245.00000       709.000000    
   2339.56006       461.430023    
   2347.08008       415.829987    
   2349.12988       272.179993    
   2351.03003       170.179993    
   2351.57983       70.1200027    
   2351.25000      -31.7899990    
   2350.50977      -144.350006    
   2349.64990      -214.830002    
   2348.69995      -326.690002    
   2347.60010      -386.770020    
   2340.19995      -453.040009    
   2329.42017      -477.570007    
   2134.00000      -973.000000    
   1786.00000      -1174.00000    
   1768.00000      -1211.00000    
   1768.00000      -1250.00000    
   1682.00000      -1250.00000    
   1372.00000      -1250.00000    
   1372.00000      -1329.00000    
   1420.00000      -1329.00000    
   1420.00000      -1363.00000    
   1273.00000      -1363.00000    
   1153.00000      -1363.00000    
   1016.00006      -1223.00000    
   1016.00006      -1223.00000    
   1016.00006      -830.000000    
   1016.00006      -800.000000    
   1016.00006      -415.000000    
   1016.00006      -400.000000    
   1016.00006      -1.00000000    
   1016.00006       0.00000000    
